nan
1.765780768886054020e+01
1.244735404414864988e+01
1.013903952634148986e+01
8.763011865834078762e+00
7.823965888777761890e+00
7.130791943001113076e+00
6.592058314366750160e+00
6.157798377875374207e+00
5.798095162991086404e+00
5.493797523272348826e+00
5.232001867395035255e+00
5.003654448191803716e+00
4.802190222695890576e+00
4.622717167552022666e+00
4.461505223152135713e+00
4.315653941983332409e+00
4.182869395333542073e+00
4.061310278747557234e+00
3.949479201110437376e+00
3.846144272328798408e+00
3.750281490209609991e+00
3.661031705800468217e+00
3.577667998952414496e+00
3.499570613145739362e+00
3.426207463141913934e+00
3.357118807964345475e+00
3.291905076564996868e+00
3.230217107368478668e+00
3.171748255713256359e+00
3.116227960915350259e+00
3.063416464301770947e+00
3.013100442500477705e+00
2.965089374273638612e+00
2.919212499576365083e+00
2.875316260032984683e+00
2.833262133276861050e+00
2.792924791473057056e+00
2.754190528190838094e+00
2.716955908602209036e+00
2.681126606479967922e+00
2.646616398192777719e+00
2.613346289249956378e+00
2.581243753238469107e+00
2.550242066450854050e+00
2.520279724302538771e+00
2.491299927916312384e+00
2.463250131116581976e+00
2.436081639608902893e+00
2.409749255385728262e+00
2.384210960448664540e+00
2.359427634810932872e+00
2.335362804473805287e+00
2.311982415683046188e+00
2.289254632287042845e+00
2.267149653453517377e+00
2.245639549371048815e+00
2.224698112875184375e+00
2.204300725206589817e+00
2.184424234337594140e+00
2.165046844499648238e+00
2.146148015713214452e+00
2.127708372267066661e+00
2.109709619219902077e+00
2.092134466106231105e+00
2.074966557123305577e+00
2.058190407158280610e+00
2.041791343086891253e+00
2.025755449837859601e+00
2.010069520772382656e+00
1.994721011976580138e+00
1.979698000107398714e+00
1.964989143469994870e+00
1.950583646037887364e+00
1.936471224156500526e+00
1.922642075696709529e+00
1.909086851448208888e+00
1.895796628562935959e+00
1.882762885877197201e+00
1.869977480957401683e+00
1.857432628728912460e+00
1.845120881560595061e+00
1.833035110689286373e+00
1.821168488878941005e+00
1.809514474218637092e+00
1.798066794972072113e+00
1.786819435398843581e+00
1.775766622474713952e+00
1.764902813444244600e+00
1.754222684144842059e+00
1.743721118046362539e+00
1.733393195954981758e+00
1.723234186334311024e+00
1.713239536200473978e+00
1.703404862551356036e+00
1.693725944293381191e+00
1.684198714632040739e+00
1.674819253895003968e+00
1.665583782759078257e+00
1.656488655854390091e+00
1.647530355721228856e+00
1.638705487096820512e+00
1.630010771510908452e+00
1.621443042170638948e+00
1.612999239116623462e+00
1.604676404633328834e+00
1.596471678898189195e+00
1.588382295854882331e+00
1.580405579297257335e+00
1.572538939151328696e+00
1.564779867943591141e+00
1.557125937444720387e+00
1.549574795478485978e+00
1.542124162886305827e+00
1.534771830638588686e+00
1.527515657084529854e+00
1.520353565332585255e+00
1.513283540754351897e+00
1.506303628605051514e+00
1.499411931754214944e+00
1.492606608520598899e+00
1.485885870605723191e+00
1.479247981120759725e+00
1.472691252701832321e+00
1.466214045709083091e+00
1.459814766505135308e+00
1.453491865808860473e+00
1.447243837120575138e+00
1.441069215215043497e+00
1.434966574698852915e+00
1.428934528628943434e+00
1.422971727189253910e+00
1.417076856422607056e+00
1.411248637015140028e+00
1.405485823130717682e+00
1.399787201292926442e+00
1.394151589312359052e+00
1.388577835257051474e+00
1.383064816464022906e+00
1.377611438589996684e+00
1.372216634699491067e+00
1.366879364388533968e+00
1.361598612942382713e+00
1.356373390525700939e+00
1.351202731403710944e+00
1.346085693192948796e+00
1.341021356140288612e+00
1.336008822428988996e+00
1.331047215510573478e+00
1.326135679461412975e+00
1.321273378362941342e+00
1.316459495704485283e+00
1.311693233807731396e+00
1.306973813271927076e+00
1.302300472438918000e+00
1.297672466877203723e+00
1.293089068884214266e+00
1.288549567006048946e+00
1.284053265573959157e+00
1.279599484256889852e+00
1.275187557629431367e+00
1.270816834754547875e+00
1.266486678780497588e+00
1.262196466551374296e+00
1.257945588230728218e+00
1.253733446937757678e+00
1.249559458395565592e+00
1.245423050591021985e+00
1.241323663445779601e+00
1.237260748498008489e+00
1.233233768594445445e+00
1.229242197592361752e+00
1.225285520071075940e+00
1.221363231052650100e+00
1.217474835731428673e+00
1.213619849212089319e+00
1.209797796255891678e+00
1.206008211034819810e+00
1.202250636893337221e+00
1.198524626117468461e+00
1.194829739710946193e+00
1.191165547178174133e+00
1.187531626313753197e+00
1.183927562998342342e+00
1.180352951000635420e+00
1.176807391785226198e+00
1.173290494326163946e+00
1.169801874926006402e+00
1.166341157040164278e+00
1.162907971106370342e+00
1.159501954379088984e+00
1.156122750768702412e+00
1.152770010685305602e+00
1.149443390886964567e+00
1.146142554332275854e+00
1.142867170037093594e+00
1.139616912935282667e+00
1.136391463743360530e+00
1.133190508828909371e+00
1.130013740082624230e+00
1.126860854793888311e+00
1.123731555529754900e+00
1.120625550017229299e+00
1.117542551028743558e+00
1.114482276270724270e+00
1.111444448275150876e+00
1.108428794294015640e+00
1.105435046196590498e+00
1.102462940369410616e+00
1.099512217618899612e+00
1.096582623076542085e+00
1.093673906106530813e+00
1.090785820215820490e+00
1.087918122966496925e+00
1.085070575890406452e+00
1.082242944405970686e+00
1.079434997737124480e+00
1.076646508834304017e+00
1.073877254297438189e+00
1.071127014300870872e+00
1.068395572520166814e+00
1.065682716060736279e+00
1.062988235388233615e+00
1.060311924260673777e+00
1.057653579662214405e+00
1.055013001738565270e+00
1.052389993733962470e+00
1.049784361929678500e+00
1.047195915584014037e+00
1.044624466873733670e+00
1.042069830836902966e+00
1.039531825317086211e+00
1.037010270908874432e+00
1.034504990904692612e+00
1.032015811242865455e+00
1.029542560456895295e+00
1.027085069625927050e+00
1.024643172326358709e+00
1.022216704584579583e+00
1.019805504830785248e+00
1.017409413853866074e+00
1.015028274757315829e+00
1.012661932916145702e+00
1.010310235934778644e+00
1.007973033605889190e+00
1.005650177870169193e+00
1.003341522776997286e+00
1.001046924445978759e+00
9.987662410293461912e-01
9.964993326751859781e-01
9.942460614914795380e-01
9.920062915109267854e-01
9.897798886565446486e-01
9.875667207080109922e-01
9.853666572687388436e-01
9.831795697336590534e-01
9.810053312577001750e-01
9.788438167249410293e-01
9.766949027184198551e-01
9.745584674905888312e-01
9.724343909343931003e-01
9.703225545549568620e-01
9.682228414418679874e-01
9.661351362420428357e-01
9.640593251331528446e-01
9.619952957976088959e-01
9.599429373970780333e-01
9.579021405475317552e-01
9.558727972948019014e-01
9.538548010906395813e-01
9.518480467692610469e-01
9.498524305243700727e-01
9.478678498866470736e-01
9.458942037016887516e-01
9.439313921083942738e-01
9.419793165177825500e-01
9.400378795922326169e-01
9.381069852251348040e-01
9.361865385209481305e-01
9.342764457756493890e-01
9.323766144575635906e-01
9.304869531885775480e-01
9.286073717257115057e-01
9.267377809430558111e-01
9.248780928140539759e-01
9.230282203941302388e-01
9.211880778036481976e-01
9.193575802112023965e-01
9.175366438172214423e-01
9.157251858378897547e-01
9.139231244893717410e-01
9.121303789723345101e-01
9.103468694567631303e-01
9.085725170670598816e-01
9.068072438674249502e-01
9.050509728475067961e-01
9.033036279083216380e-01
9.015651338484330646e-01
8.998354163503869962e-01
8.981144019673961143e-01
8.964020181102700935e-01
8.946981930345822009e-01
8.930028558280718176e-01
8.913159363982759986e-01
8.896373654603837444e-01
8.879670745253096520e-01
8.863049958879829493e-01
8.846510626158462509e-01
8.830052085375583726e-01
8.813673682319023150e-01
8.797374770168837621e-01
8.781154709390301960e-01
8.765012867628720894e-01
8.748948619606127242e-01
8.732961347019794207e-01
8.717050438442487392e-01
8.701215289224504268e-01
8.685455301397362327e-01
8.669769883579181435e-01
8.654158450881723752e-01
8.638620424818970189e-01
8.623155233217315585e-01
8.607762310127282657e-01
8.592441095736743639e-01
8.577191036285607417e-01
8.562011583981961049e-01
8.546902196919614614e-01
8.531862338997057149e-01
8.516891479837750412e-01
8.501989094711769335e-01
8.487154664458728126e-01
8.472387675412021979e-01
8.457687619324312234e-01
8.443053993294209469e-01
8.428486299694215589e-01
8.413984046099826086e-01
8.399546745219784727e-01
8.385173914827505071e-01
8.370865077693563361e-01
8.356619761519349376e-01
8.342437498871727586e-01
8.328317827118805194e-01
8.314260288366694951e-01
8.300264429397316013e-01
8.286329801607195122e-01
8.272455960947207032e-01
8.258642467863314129e-01
8.244888887238239761e-01
8.231194788334031953e-01
8.217559744735573046e-01
8.203983334294954188e-01
8.190465139076732459e-01
8.177004745304041755e-01
8.163601743305523017e-01
8.150255727463132649e-01
8.136966296160683676e-01
8.123733051733270649e-01
8.110555600417392874e-01
8.097433552301894766e-01
8.084366521279641171e-01
8.071354124999944313e-01
8.058395984821676850e-01
8.045491725767172086e-01
8.032640976476728145e-01
8.019843369163881519e-01
8.007098539571321227e-01
7.994406126927451339e-01
7.981765773903635175e-01
7.969177126572062342e-01
7.956639834364249708e-01
7.944153550030146338e-01
7.931717929597861261e-01
7.919332632333995203e-01
7.906997320704520771e-01
7.894711660336277692e-01
7.882475319979010964e-01
7.870287971467971877e-01
7.858149289687065275e-01
7.846058952532528608e-01
7.834016640877143889e-01
7.822022038534965915e-01
7.810074832226558961e-01
7.798174711544743065e-01
7.786321368920807728e-01
7.774514499591241856e-01
7.762753801564922229e-01
7.751038975590761604e-01
7.739369725125841981e-01
7.727745756303976421e-01
7.716166777904721608e-01
7.704632501322841165e-01
7.693142640538176424e-01
7.681696912085962392e-01
7.670295035027533403e-01
7.658936730921473979e-01
7.647621723795138271e-01
7.636349740116570306e-01
7.625120508766850547e-01
7.613933761012755541e-01
7.602789230479867211e-01
7.591686653126007434e-01
7.580625767215052324e-01
7.569606313291085131e-01
7.558628034152949926e-01
7.547690674829098390e-01
7.536793982552805193e-01
7.525937706737719779e-01
7.515121598953747872e-01
7.504345412903233870e-01
7.493608904397510706e-01
7.482911831333726171e-01
7.472253953671987858e-01
7.461635033412822304e-01
7.451054834574929453e-01
7.440513123173229104e-01
7.430009667197210455e-01
7.419544236589549202e-01
7.409116603225018860e-01
7.398726540889689618e-01
7.388373825260371452e-01
7.378058233884365880e-01
7.367779546159431980e-01
7.357537543314068840e-01
7.347332008388020030e-01
7.337162726213024566e-01
7.327029483393859843e-01
7.316932068289571101e-01
7.306870270994996197e-01
7.296843883322488011e-01
7.286852698783905513e-01
7.276896512572800235e-01
7.266975121546859206e-01
7.257088324210554386e-01
7.247235920698020806e-01
7.237417712756155641e-01
7.227633503727907138e-01
7.217883098535813335e-01
7.208166303665707320e-01
7.198482927150668953e-01
7.188832778555128700e-01
7.179215668959222363e-01
7.169631410943302363e-01
7.160079818572657739e-01
7.150560707382419556e-01
7.141073894362662822e-01
7.131619197943673827e-01
7.122196437981423989e-01
7.112805435743194682e-01
7.103446013893414124e-01
7.094117996479620825e-01
7.084821208918641311e-01
7.075555477982917729e-01
7.066320631787006423e-01
7.057116499774228613e-01
7.047942912703504259e-01
7.038799702636321376e-01
7.029686702923887420e-01
7.020603748194419458e-01
7.011550674340576439e-01
7.002527318507074661e-01
6.993533519078423133e-01
6.984569115666816597e-01
6.975633949100167319e-01
6.966727861410296763e-01
6.957850695821238274e-01
6.949002296737689655e-01
6.940182509733631155e-01
6.931391181541020075e-01
6.922628160038675205e-01
6.913893294241254539e-01
6.905186434288380637e-01
6.896507431433877011e-01
6.887856138035152176e-01
6.879232407542692496e-01
6.870636094489664947e-01
6.862067054481674200e-01
6.853525144186615181e-01
6.845010221324627775e-01
6.836522144658204736e-01
6.828060773982398413e-01
6.819625970115115177e-01
6.811217594887545301e-01
6.802835511134726065e-01
6.794479582686138164e-01
6.786149674356496408e-01
6.777845651936579285e-01
6.769567382184193960e-01
6.761314732815236761e-01
6.753087572494852475e-01
6.744885770828702443e-01
6.736709198354299266e-01
6.728557726532494732e-01
6.720431227739004365e-01
6.712329575256064107e-01
6.704252643264171363e-01
6.696200306833897109e-01
6.688172441917831224e-01
6.680168925342576669e-01
6.672189634800849145e-01
6.664234448843666669e-01
6.656303246872615764e-01
6.648395909132216453e-01
6.640512316702357198e-01
6.632652351490806453e-01
6.624815896225845213e-01
6.617002834448920678e-01
6.609213050507434239e-01
6.601446429547568329e-01
6.593702857507217630e-01
6.585982221108988011e-01
6.578284407853252080e-01
6.570609306011320205e-01
6.562956804618643725e-01
6.555326793468110314e-01
6.547719163103427054e-01
6.540133804812534590e-01
6.532570610621117879e-01
6.525029473286195758e-01
6.517510286289749377e-01
6.510012943832444998e-01
6.502537340827394541e-01
6.495083372894021601e-01
6.487650936351955222e-01
6.480239928215000278e-01
6.472850246185184453e-01
6.465481788646844086e-01
6.458134454660797719e-01
6.450808143958555174e-01
6.443502756936602127e-01
6.436218194650737967e-01
6.428954358810488046e-01
6.421711151773551451e-01
6.414488476540303186e-01
6.407286236748389596e-01
6.400104336667347127e-01
6.392942681193272136e-01
6.385801175843573985e-01
6.378679726751762535e-01
6.371578240662282289e-01
6.364496624925425339e-01
6.357434787492272088e-01
6.350392636909688582e-01
6.343370082315378244e-01
6.336367033432995788e-01
6.329383400567277773e-01
6.322419094599259770e-01
6.315474026981512390e-01
6.308548109733446152e-01
6.301641255436652989e-01
6.294753377230286606e-01
6.287884388806509461e-01
6.281034204405979704e-01
6.274202738813352553e-01
6.267389907352878264e-01
6.260595625884005644e-01
6.253819810797039969e-01
6.247062379008847532e-01
6.240323247958596831e-01
6.233602335603545264e-01
6.226899560414873580e-01
6.220214841373540304e-01
6.213548097966206107e-01
6.206899250181165950e-01
6.200268218504356721e-01
6.193654923915370425e-01
6.187059287883526215e-01
6.180481232363974620e-01
6.173920679793842847e-01
6.167377553088405628e-01
6.160851775637311567e-01
6.154343271300832807e-01
6.147851964406155778e-01
6.141377779743705245e-01
6.134920642563501669e-01
6.128480478571560752e-01
6.122057213926325181e-01
6.115650775235119685e-01
6.109261089550660495e-01
6.102888084367573684e-01
6.096531687618971240e-01
6.090191827673039349e-01
6.083868433329668868e-01
6.077561433817116887e-01
6.071270758788700483e-01
6.064996338319518232e-01
6.058738102903201694e-01
6.052495983448706873e-01
6.046269911277122322e-01
6.040059818118512780e-01
6.033865636108807218e-01
6.027687297786679110e-01
6.021524736090498875e-01
6.015377884355284088e-01
6.009246676309690782e-01
6.003131046073029164e-01
5.997030928152308205e-01
5.990946257439309086e-01
5.984876969207678643e-01
5.978822999110061653e-01
5.972784283175249787e-01
5.966760757805352755e-01
5.960752359773012765e-01
5.954759026218624518e-01
5.948780694647594069e-01
5.942817302927624334e-01
5.936868789285998371e-01
5.930935092306937051e-01
5.925016150928927861e-01
5.919111904442113659e-01
5.913222292485690312e-01
5.907347255045332091e-01
5.901486732450633710e-01
5.895640665372585687e-01
5.889808994821071897e-01
5.883991662142368240e-01
5.878188609016697930e-01
5.872399777455781233e-01
5.866625109800420734e-01
5.860864548718095479e-01
5.855118037200603975e-01
5.849385518561688313e-01
5.843666936434713799e-01
5.837962234770349701e-01
5.832271357834278858e-01
5.826594250204922831e-01
5.820930856771192596e-01
5.815281122730253660e-01
5.809644993585313388e-01
5.804022415143421654e-01
5.798413333513310342e-01
5.792817695103219533e-01
5.787235446618775869e-01
5.781666535060864254e-01
5.776110907723536192e-01
5.770568512191921462e-01
5.765039296340161989e-01
5.759523208329382360e-01
5.754020196605640347e-01
5.748530209897930732e-01
5.743053197216182459e-01
5.737589107849302428e-01
5.732137891363182636e-01
5.726699497598789490e-01
5.721273876670220915e-01
5.715860978962802319e-01
5.710460755131189226e-01
5.705073156097503206e-01
5.699698133049454496e-01
5.694335637438504572e-01
5.688985620978036506e-01
5.683648035641540863e-01
5.678322833660818247e-01
5.673009967524192954e-01
5.667709389974746603e-01
5.662421054008561772e-01
5.657144912872988929e-01
5.651880920064916713e-01
5.646629029329062188e-01
5.641389194656276640e-01
5.636161370281869143e-01
5.630945510683929012e-01
5.625741570581683781e-01
5.620549504933848306e-01
5.615369268937009384e-01
5.610200818023995950e-01
5.605044107862308111e-01
5.599899094352501772e-01
5.594765733626635429e-01
5.589643982046695880e-01
5.584533796203066114e-01
5.579435132912977657e-01
5.574347949218989573e-01
5.569272202387495208e-01
5.564207849907201187e-01
5.559154849487663030e-01
5.554113159057794125e-01
5.549082736764424650e-01
5.544063540970834980e-01
5.539055530255329041e-01
5.534058663409801015e-01
5.529072899438334243e-01
5.524098197555781242e-01
5.519134517186387034e-01
5.514181817962404697e-01
5.509240059722717575e-01
5.504309202511497023e-01
5.499389206576842382e-01
5.494480032369447597e-01
5.489581640541287832e-01
5.484693991944282754e-01
5.479817047629005344e-01
5.474950768843394044e-01
5.470095117031452681e-01
5.465250053831981480e-01
5.460415541077326962e-01
5.455591540792116279e-01
5.450778015192003778e-01
5.445974926682464190e-01
5.441182237857546955e-01
5.436399911498662751e-01
5.431627910573390006e-01
5.426866198234274741e-01
5.422114737817635977e-01
5.417373492842403326e-01
5.412642427008934609e-01
5.407921504197872320e-01
5.403210688468980116e-01
5.398509944060010390e-01
5.393819235385576283e-01
5.389138527036012594e-01
5.384467783776279992e-01
5.379806970544852573e-01
5.375156052452616517e-01
5.370514994781784290e-01
5.365883762984818839e-01
5.361262322683358894e-01
5.356650639667146496e-01
5.352048679892988936e-01
5.347456409483698492e-01
5.342873794727054371e-01
5.338300802074779083e-01
5.333737398141504826e-01
5.329183549703763179e-01
5.324639223698974799e-01
5.320104387224455778e-01
5.315579007536413991e-01
5.311063052048972111e-01
5.306556488333188382e-01
5.302059284116081850e-01
5.297571407279670908e-01
5.293092825860027384e-01
5.288623508046310651e-01
5.284163422179839475e-01
5.279712536753151664e-01
5.275270820409080352e-01
5.270838241939826974e-01
5.266414770286057534e-01
5.262000374535984459e-01
5.257595023924477307e-01
5.253198687832162372e-01
5.248811335784540066e-01
5.244432937451097843e-01
5.240063462644447556e-01
5.235702881319449498e-01
5.231351163572358631e-01
5.227008279639961952e-01
5.222674199898734715e-01
5.218348894863999998e-01
5.214032335189096035e-01
5.209724491664539103e-01
5.205425335217204186e-01
5.201134836909501180e-01
5.196852967938583312e-01
5.192579699635516688e-01
5.188315003464496478e-01
5.184058851022047554e-01
5.179811214036236233e-01
5.175572064365894231e-01
5.171341373999833735e-01
5.167119115056081347e-01
5.162905259781112033e-01
5.158699780549088620e-01
5.154502649861104624e-01
5.150313840344447058e-01
5.146133324751832605e-01
5.141961075960692629e-01
5.137797066972420446e-01
5.133641270911659671e-01
5.129493661025568141e-01
5.125354210683110701e-01
5.121222893374342000e-01
5.117099682709701503e-01
5.112984552419314044e-01
5.108877476352282621e-01
5.104778428476013374e-01
5.100687382875509490e-01
5.096604313752702842e-01
5.092529195425772315e-01
5.088462002328473233e-01
5.084402709009460120e-01
5.080351290131635000e-01
5.076307720471487928e-01
5.072271974918433068e-01
5.068244028474171436e-01
5.064223856252040301e-01
5.060211433476368148e-01
5.056206735481854064e-01
5.052209737712921589e-01
5.048220415723094767e-01
5.044238745174383087e-01
5.040264701836654204e-01
5.036298261587031089e-01
5.032339400409270302e-01
5.028388094393162477e-01
5.024444319733931685e-01
5.020508052731639248e-01
5.016579269790589768e-01
5.012657947418733828e-01
5.008744062227105109e-01
5.004837590929213098e-01
5.000938510340489085e-01
4.997046797377694416e-01
4.993162429058368712e-01
4.989285382500254218e-01
4.985415634920737360e-01
4.981553163636289749e-01
4.977697946061925838e-01
4.973849959710630042e-01
4.970009182192840491e-01
4.966175591215881147e-01
4.962349164583437777e-01
4.958529880195018391e-01
4.954717716045423104e-01
4.950912650224216227e-01
4.947114660915203355e-01
4.943323726395906226e-01
4.939539825037051468e-01
4.935762935302058785e-01
4.931993035746520260e-01
4.928230105017704088e-01
4.924474121854045539e-01
4.920725065084652350e-01
4.916982913628805685e-01
4.913247646495460530e-01
4.909519242782763859e-01
4.905797681677571132e-01
4.902082942454953907e-01
4.898375004477716899e-01
4.894673847195940564e-01
4.890979450146480945e-01
4.887291792952520586e-01
4.883610855323093913e-01
4.879936617052609282e-01
4.876269058020413771e-01
4.872608158190311900e-01
4.868953897610122095e-01
4.865306256411222052e-01
4.861665214808097435e-01
4.858030753097895560e-01
4.854402851659985751e-01
4.850781490955513031e-01
4.847166651526965131e-01
4.843558313997736731e-01
4.839956459071692585e-01
4.836361067532747304e-01
4.832772120244431258e-01
4.829189598149469242e-01
4.825613482269363597e-01
4.822043753703965097e-01
4.818480393631073833e-01
4.814923383306010662e-01
4.811372704061218086e-01
4.807828337305848909e-01
4.804290264525356013e-01
4.800758467281099340e-01
4.797232927209945097e-01
4.793713626023861640e-01
4.790200545509528673e-01
4.786693667527949225e-01
4.783192974014056076e-01
4.779698446976325954e-01
4.776210068496390959e-01
4.772727820728665526e-01
4.769251685899957849e-01
4.765781646309100172e-01
4.762317684326564105e-01
4.758859782394102012e-01
4.755407923024362882e-01
4.751962088800535944e-01
4.748522262375977077e-01
4.745088426473851317e-01
4.741660563886769264e-01
4.738238657476427362e-01
4.734822690173257631e-01
4.731412644976065729e-01
4.728008504951685675e-01
4.724610253234624579e-01
4.721217873026724576e-01
4.717831347596805891e-01
4.714450660280327665e-01
4.711075794479057666e-01
4.707706733660717013e-01
4.704343461358652667e-01
4.700985961171502692e-01
4.697634216762864301e-01
4.694288211860958016e-01
4.690947930258305143e-01
4.687613355811399707e-01
4.684284472440383151e-01
4.680961264128724042e-01
4.677643714922893325e-01
4.674331808932051802e-01
4.671025530327733155e-01
4.667724863343524211e-01
4.664429792274756847e-01
4.661140301478197134e-01
4.657856375371735025e-01
4.654577998434080710e-01
4.651305155204455422e-01
4.648037830282294447e-01
4.644776008326936267e-01
4.641519674057334455e-01
4.638268812251752360e-01
4.635023407747474455e-01
4.631783445440502689e-01
4.628548910285272266e-01
4.625319787294360774e-01
4.622096061538193412e-01
4.618877718144764333e-01
4.615664742299349088e-01
4.612457119244214310e-01
4.609254834278348478e-01
4.606057872757169935e-01
4.602866220092258764e-01
4.599679861751072019e-01
4.596498783256674492e-01
4.593322970187462828e-01
4.590152408176892962e-01
4.586987082913216440e-01
4.583826980139200646e-01
4.580672085651871783e-01
4.577522385302248420e-01
4.574377864995074483e-01
4.571238510688554468e-01
4.568104308394106416e-01
4.564975244176087132e-01
4.561851304151544051e-01
4.558732474489955444e-01
4.555618741412980066e-01
4.552510091194200137e-01
4.549406510158870987e-01
4.546307984683672365e-01
4.543214501196463639e-01
4.540126046176027330e-01
4.537042606151833746e-01
4.533964167703790626e-01
4.530890717462002226e-01
4.527822242106526729e-01
4.524758728367143656e-01
4.521700163023106289e-01
4.518646532902907409e-01
4.515597824884050038e-01
4.512554025892803189e-01
4.509515122903977602e-01
4.506481102940685379e-01
4.503451953074123493e-01
4.500427660423330645e-01
4.497408212154970220e-01
4.494393595483092696e-01
4.491383797668928590e-01
4.488378806020644207e-01
4.485378607893138470e-01
4.482383190687806995e-01
4.479392541852334486e-01
4.476406648880462691e-01
4.473425499311788900e-01
4.470449080731540015e-01
4.467477380770357165e-01
4.464510387104088651e-01
4.461548087453575118e-01
4.458590469584435834e-01
4.455637521306862747e-01
4.452689230475410098e-01
4.449745584988782920e-01
4.446806572789645529e-01
4.443872181864395587e-01
4.440942400242977595e-01
4.438017215998669718e-01
4.435096617247888950e-01
4.432180592149985721e-01
4.429269128907049047e-01
4.426362215763703367e-01
4.423459841006917026e-01
4.420561992965804654e-01
4.417668660011427328e-01
4.414779830556606610e-01
4.411895493055726925e-01
4.409015636004544048e-01
4.406140247940003585e-01
4.403269317440033914e-01
4.400402833123376878e-01
4.397540783649385165e-01
4.394683157717849120e-01
4.391829944068800229e-01
4.388981131482336817e-01
4.386136708778431426e-01
4.383296664816759836e-01
4.380460988496506780e-01
4.377629668756198855e-01
4.374802694573516337e-01
4.371980054965122209e-01
4.369161738986473420e-01
4.366347735731664348e-01
4.363538034333229731e-01
4.360732623961988685e-01
4.357931493826857627e-01
4.355134633174688186e-01
4.352342031290091784e-01
4.349553677495268111e-01
4.346769561149837480e-01
4.343989671650674844e-01
4.341213998431733279e-01
4.338442530963893540e-01
4.335675258754776440e-01
4.332912171348605179e-01
4.330153258326011056e-01
4.327398509303894691e-01
4.324647913935253940e-01
4.321901461909025688e-01
4.319159142949919872e-01
4.316420946818265159e-01
4.313686863309851294e-01
4.310956882255767564e-01
4.308230993522248475e-01
4.305509187010516658e-01
4.302791452656626880e-01
4.300077780431312280e-01
4.297368160339838927e-01
4.294662582421832631e-01
4.291961036751154035e-01
4.289263513435722097e-01
4.286570002617380859e-01
4.283880494471747347e-01
4.281194979208055029e-01
4.278513447069015596e-01
4.275835888330664081e-01
4.273162293302219528e-01
4.270492652325931227e-01
4.267826955776947706e-01
4.265165194063157417e-01
4.262507357625054949e-01
4.259853436935596149e-01
4.257203422500054901e-01
4.254557304855889344e-01
4.251915074572589215e-01
4.249276722251548732e-01
4.246642238525922819e-01
4.244011614060487769e-01
4.241384839551505803e-01
4.238761905726592949e-01
4.236142803344571384e-01
4.233527523195350639e-01
4.230916056099779388e-01
4.228308392909518876e-01
4.225704524506909143e-01
4.223104441804838571e-01
4.220508135746602885e-01
4.217915597305790243e-01
4.215326817486140798e-01
4.212741787321413467e-01
4.210160497875271579e-01
4.207582940241139102e-01
4.205009105542084069e-01
4.202438984930688126e-01
4.199872569588919968e-01
4.197309850728009328e-01
4.194750819588325408e-01
4.192195467439249756e-01
4.189643785579057478e-01
4.187095765334785114e-01
4.184551398062117400e-01
4.182010675145264589e-01
4.179473587996835882e-01
4.176940128057725077e-01
4.174410286796986780e-01
4.171884055711723160e-01
4.169361426326958497e-01
4.166842390195526491e-01
4.164326938897950359e-01
4.161815064042325707e-01
4.159306757264207843e-01
4.156802010226496868e-01
4.154300814619312776e-01
4.151803162159897753e-01
4.149309044592488505e-01
4.146818453688208561e-01
4.144331381244956147e-01
4.141847819087297600e-01
4.139367759066337471e-01
4.136891193059634708e-01
4.134418112971068870e-01
4.131948510730741875e-01
4.129482378294870304e-01
4.127019707645671054e-01
4.124560490791254197e-01
4.122104719765520842e-01
4.119652386628049334e-01
4.117203483463995894e-01
4.114758002383980817e-01
4.112315935523991328e-01
4.109877275045268896e-01
4.107442013134216530e-01
4.105010142002279983e-01
4.102581653885854496e-01
4.100156541046182657e-01
4.097734795769248373e-01
4.095316410365674731e-01
4.092901377170625743e-01
4.090489688543705871e-01
4.088081336868861770e-01
4.085676314554266830e-01
4.083274614032253447e-01
4.080876227759182018e-01
4.078481148215359342e-01
4.076089367904943694e-01
4.073700879355838800e-01
4.071315675119597799e-01
4.068933747771336651e-01
4.066555089909626441e-01
4.064179694156405120e-01
4.061807553156883688e-01
4.059438659579445718e-01
4.057073006115558544e-01
4.054710585479679996e-01
4.052351390409163479e-01
4.049995413664165267e-01
4.047642648027551804e-01
4.045293086304816987e-01
4.042946721323975035e-01
4.040603545935483876e-01
4.038263553012150231e-01
4.035926735449039127e-01
4.033593086163378971e-01
4.031262598094488836e-01
4.028935264203673539e-01
4.026611077474144818e-01
4.024290030910925298e-01
4.021972117540777436e-01
4.019657330412097496e-01
4.017345662594842826e-01
4.015037107180437492e-01
4.012731657281696229e-01
4.010429306032728403e-01
4.008130046588862516e-01
4.005833872126556838e-01
4.003540775843319466e-01
4.001250750957616176e-01
3.998963790708804367e-01
3.996679888357028698e-01
3.994399037183160028e-01
3.992121230488697159e-01
3.989846461595692451e-01
3.987574723846677438e-01
3.985306010604565130e-01
3.983040315252586727e-01
3.980777631194203359e-01
3.978517951853026147e-01
3.976261270672742376e-01
3.974007581117031118e-01
3.971756876669488290e-01
3.969509150833547828e-01
3.967264397132403975e-01
3.965022609108932450e-01
3.962783780325619398e-01
3.960547904364475347e-01
3.958314974826971921e-01
3.956084985333951365e-01
3.953857929525560477e-01
3.951633801061178453e-01
3.949412593619330836e-01
3.947194300897627350e-01
3.944978916612676412e-01
3.942766434500023509e-01
3.940556848314066829e-01
3.938350151827995638e-01
3.936146338833704239e-01
3.933945403141730912e-01
3.931747338581183526e-01
3.929552138999662381e-01
3.927359798263195256e-01
3.925170310256167472e-01
3.922983668881243613e-01
3.920799868059302584e-01
3.918618901729369330e-01
3.916440763848542672e-01
3.914265448391924807e-01
3.912092949352556359e-01
3.909923260741343665e-01
3.907756376586993263e-01
3.905592290935941957e-01
3.903430997852292972e-01
3.901272491417739907e-01
3.899116765731514556e-01
3.896963814910303636e-01
3.894813633088193838e-01
3.892666214416600767e-01
3.890521553064206772e-01
3.888379643216889336e-01
3.886240479077663346e-01
3.884104054866610589e-01
3.881970364820818697e-01
3.879839403194313419e-01
3.877711164257998111e-01
3.875585642299589906e-01
3.873462831623549762e-01
3.871342726551031399e-01
3.869225321419810237e-01
3.867110610584217345e-01
3.864998588415087810e-01
3.862889249299691907e-01
3.860782587641672925e-01
3.858678597860989434e-01
3.856577274393853116e-01
3.854478611692665480e-01
3.852382604225961793e-01
3.850289246478344474e-01
3.848198532950430351e-01
3.846110458158785717e-01
3.844025016635868042e-01
3.841942202929969352e-01
3.839862011605152392e-01
3.837784437241199553e-01
3.835709474433546262e-01
3.833637117793226023e-01
3.831567361946817130e-01
3.829500201536376602e-01
3.827435631219391343e-01
3.825373645668714295e-01
3.823314239572511153e-01
3.821257407634203740e-01
3.819203144572412834e-01
3.817151445120902653e-01
3.815102304028524793e-01
3.813055716059160494e-01
3.811011675991670677e-01
3.808970178619839886e-01
3.806931218752313550e-01
3.804894791212551919e-01
3.802860890838774544e-01
3.800829512483905326e-01
3.798800651015515339e-01
3.796774301315775091e-01
3.794750458281397343e-01
3.792729116823584934e-01
3.790710271867976378e-01
3.788693918354598122e-01
3.786680051237807931e-01
3.784668665486241590e-01
3.782659756082765723e-01
3.780653318024422282e-01
3.778649346322379143e-01
3.776647836001874592e-01
3.774648782102177358e-01
3.772652179676521667e-01
3.770658023792061719e-01
3.768666309529832836e-01
3.766677031984680957e-01
3.764690186265227667e-01
3.762705767493818021e-01
3.760723770806464472e-01
3.758744191352804687e-01
3.756767024296052138e-01
3.754792264812942260e-01
3.752819908093690815e-01
3.750849949341935052e-01
3.748882383774701510e-01
3.746917206622339402e-01
3.744954413128485649e-01
3.742993998550018242e-01
3.741035958157001295e-01
3.739080287232636746e-01
3.737126981073228826e-01
3.735176034988126337e-01
3.733227444299683784e-01
3.731281204343206981e-01
3.729337310466916966e-01
3.727395758031892825e-01
3.725456542412037275e-01
3.723519658994020598e-01
3.721585103177244558e-01
3.719652870373792442e-01
3.717722956008382984e-01
3.715795355518329290e-01
3.713870064353492206e-01
3.711947077976237019e-01
3.710026391861385719e-01
3.708108001496181472e-01
3.706191902380233660e-01
3.704278090025484027e-01
3.702366559956156156e-01
3.700457307708719390e-01
3.698550328831841094e-01
3.696645618886336693e-01
3.694743173445148021e-01
3.692842988093278933e-01
3.690945058427763659e-01
3.689049380057622396e-01
3.687155948603823563e-01
3.685264759699233283e-01
3.683375808988584299e-01
3.681489092128423790e-01
3.679604604787079514e-01
3.677722342644618725e-01
3.675842301392804323e-01
3.673964476735055995e-01
3.672088864386405249e-01
3.670215460073464886e-01
3.668344259534377927e-01
3.666475258518785418e-01
3.664608452787780357e-01
3.662743838113874939e-01
3.660881410280955039e-01
3.659021165084245797e-01
3.657163098330266093e-01
3.655307205836797468e-01
3.653453483432838045e-01
3.651601926958568112e-01
3.649752532265312932e-01
3.647905295215498889e-01
3.646060211682619623e-01
3.644217277551194401e-01
3.642376488716738692e-01
3.640537841085715320e-01
3.638701330575502269e-01
3.636866953114358259e-01
3.635034704641380010e-01
3.633204581106465603e-01
3.631376578470286720e-01
3.629550692704235915e-01
3.627726919790401072e-01
3.625905255721533216e-01
3.624085696500993214e-01
3.622268238142733465e-01
3.620452876671251818e-01
3.618639608121558826e-01
3.616828428539138884e-01
3.615019333979924143e-01
3.613212320510243991e-01
3.611407384206801741e-01
3.609604521156637436e-01
3.607803727457088994e-01
3.606004999215759455e-01
3.604208332550483673e-01
3.602413723589292793e-01
3.600621168470377054e-01
3.598830663342058589e-01
3.597042204362749240e-01
3.595255787700920025e-01
3.593471409535070049e-01
3.591689066053688206e-01
3.589908753455221535e-01
3.588130467948041913e-01
3.586354205750413859e-01
3.584579963090461785e-01
3.582807736206129468e-01
3.581037521345158958e-01
3.579269314765049503e-01
3.577503112733029234e-01
3.575738911526017416e-01
3.573976707430598365e-01
3.572216496742986469e-01
3.570458275768992884e-01
3.568702040823997224e-01
3.566947788232908700e-01
3.565195514330143922e-01
3.563445215459586923e-01
3.561696887974564740e-01
3.559950528237806888e-01
3.558206132621426487e-01
3.556463697506878630e-01
3.554723219284935953e-01
3.552984694355652007e-01
3.551248119128335712e-01
3.549513490021520834e-01
3.547780803462929899e-01
3.546050055889452546e-01
3.544321243747102779e-01
3.542594363491007314e-01
3.540869411585353954e-01
3.539146384503379927e-01
3.537425278727331923e-01
3.535706090748443331e-01
3.533988817066895383e-01
3.532273454191797724e-01
3.530559998641150665e-01
3.528848446941826866e-01
3.527138795629528034e-01
3.525431041248768271e-01
3.523725180352842989e-01
3.522021209503791717e-01
3.520319125272381999e-01
3.518618924238070544e-01
3.516920602988981015e-01
3.515224158121872944e-01
3.513529586242119529e-01
3.511836883963664335e-01
3.510146047909017408e-01
3.508457074709203649e-01
3.506769961003749492e-01
3.505084703440654037e-01
3.503401298676352971e-01
3.501719743375701910e-01
3.500040034211943651e-01
3.498362167866682637e-01
3.496686141029853867e-01
3.495011950399705136e-01
3.493339592682760952e-01
3.491669064593798666e-01
3.490000362855825711e-01
3.488333484200049073e-01
3.486668425365849200e-01
3.485005183100755577e-01
3.483343754160418970e-01
3.481684135308585892e-01
3.480026323317074732e-01
3.478370314965743004e-01
3.476716107042472359e-01
3.475063696343132502e-01
3.473413079671565096e-01
3.471764253839547676e-01
3.470117215666777555e-01
3.468471961980841289e-01
3.466828489617194697e-01
3.465186795419131216e-01
3.463546876237761363e-01
3.461908728931984425e-01
3.460272350368468475e-01
3.458637737421624836e-01
3.457004886973576441e-01
3.455373795914142288e-01
3.453744461140811350e-01
3.452116879558712603e-01
3.450491048080594481e-01
3.448866963626805449e-01
3.447244623125260699e-01
3.445624023511426048e-01
3.444005161728289077e-01
3.442388034726341917e-01
3.440772639463545168e-01
3.439158972905317913e-01
3.437547032024508287e-01
3.435936813801370726e-01
3.434328315223542649e-01
3.432721533286016702e-01
3.431116464991127990e-01
3.429513107348519663e-01
3.427911457375131810e-01
3.426311512095165934e-01
3.424713268540072186e-01
3.423116723748521606e-01
3.421521874766386140e-01
3.419928718646714771e-01
3.418337252449710761e-01
3.416747473242707778e-01
3.415159378100154908e-01
3.413572964103586127e-01
3.411988228341599760e-01
3.410405167909843493e-01
3.408823779910982732e-01
3.407244061454685058e-01
3.405666009657596915e-01
3.404089621643320296e-01
3.402514894542394974e-01
3.400941825492273529e-01
3.399370411637298028e-01
3.397800650128688926e-01
3.396232538124510647e-01
3.394666072789658817e-01
3.393101251295835841e-01
3.391538070821533135e-01
3.389976528552005042e-01
3.388416621679253282e-01
3.386858347402001423e-01
3.385301702925678780e-01
3.383746685462398762e-01
3.382193292230933346e-01
3.380641520456698079e-01
3.379091367371732102e-01
3.377542830214673164e-01
3.375995906230739863e-01
3.374450592671717208e-01
3.372906886795922210e-01
3.371364785868201097e-01
3.369824287159895460e-01
3.368285387948830034e-01
3.366748085519289946e-01
3.365212377162003499e-01
3.363678260174122192e-01
3.362145731859192965e-01
3.360614789527154311e-01
3.359085430494301860e-01
3.357557652083281718e-01
3.356031451623056050e-01
3.354506826448904744e-01
3.352983773902380449e-01
3.351462291331314125e-01
3.349942376089780072e-01
3.348424025538083715e-01
3.346907237042743288e-01
3.345392007976465409e-01
3.343878335718131201e-01
3.342366217652776306e-01
3.340855651171574792e-01
3.339346633671814168e-01
3.337839162556885952e-01
3.336333235236258465e-01
3.334828849125465178e-01
3.333326001646082504e-01
3.331824690225712593e-01
3.330324912297966677e-01
3.328826665302446197e-01
3.327329946684723927e-01
3.325834753896326768e-01
3.324341084394719092e-01
3.322848935643281099e-01
3.321358305111298814e-01
3.319869190273935788e-01
3.318381588612223654e-01
3.316895497613044919e-01
3.315410914769109096e-01
3.313927837578938829e-01
3.312446263546857117e-01
3.310966190182960678e-01
3.309487615003109950e-01
3.308010535528909668e-01
3.306534949287693315e-01
3.305060853812504251e-01
3.303588246642075732e-01
3.302117125320823132e-01
3.300647487398817304e-01
3.299179330431774582e-01
3.297712651981034582e-01
3.296247449613550762e-01
3.294783720901866553e-01
3.293321463424103701e-01
3.291860674763942285e-01
3.290401352510607946e-01
3.288943494258850797e-01
3.287487097608934317e-01
3.286032160166619254e-01
3.284578679543139201e-01
3.283126653355195046e-01
3.281676079224929987e-01
3.280226954779923987e-01
3.278779277653165458e-01
3.277333045483045160e-01
3.275888255913333991e-01
3.274444906593172999e-01
3.273002995177052843e-01
3.271562519324801022e-01
3.270123476701564114e-01
3.268685864977792233e-01
3.267249681829229035e-01
3.265814924936887298e-01
3.264381591987041698e-01
3.262949680671207164e-01
3.261519188686127224e-01
3.260090113733758455e-01
3.258662453521256608e-01
3.257236205760954406e-01
3.255811368170357656e-01
3.254387938472122488e-01
3.252965914394040370e-01
3.251545293669027559e-01
3.250126074035107893e-01
3.248708253235395582e-01
3.247291829018085774e-01
3.245876799136437341e-01
3.244463161348754565e-01
3.243050913418378811e-01
3.241640053113669095e-01
3.240230578207994316e-01
3.238822486479706053e-01
3.237415775712139676e-01
3.236010443693588257e-01
3.234606488217298126e-01
3.233203907081440565e-01
3.231802698089114578e-01
3.230402859048319697e-01
3.229004387771948759e-01
3.227607282077769590e-01
3.226211539788417793e-01
3.224817158731372313e-01
3.223424136738953782e-01
3.222032471648300089e-01
3.220642161301356388e-01
3.219253203544866215e-01
3.217865596230350400e-01
3.216479337214097067e-01
3.215094424357146097e-01
3.213710855525283572e-01
3.212328628589011248e-01
3.210947741423553214e-01
3.209568191908827584e-01
3.208189977929438164e-01
3.206813097374667243e-01
3.205437548138448389e-01
3.204063328119368670e-01
3.202690435220642007e-01
3.201318867350108066e-01
3.199948622420207278e-01
3.198579698347980282e-01
3.197212093055042392e-01
3.195845804467580820e-01
3.194480830516338021e-01
3.193117169136595601e-01
3.191754818268167093e-01
3.190393775855380198e-01
3.189034039847069013e-01
3.187675608196556820e-01
3.186318478861648318e-01
3.184962649804609636e-01
3.183608118992163893e-01
3.182254884395472327e-01
3.180902943990127074e-01
3.179552295756135627e-01
3.178202937677909179e-01
3.176854867744249300e-01
3.175508083948336835e-01
3.174162584287720246e-01
3.172818366764301179e-01
3.171475429384325029e-01
3.170133770158366504e-01
3.168793387101319081e-01
3.167454278232381681e-01
3.166116441575049234e-01
3.164779875157094913e-01
3.163444577010567360e-01
3.162110545171768483e-01
3.160777777681250678e-01
3.159446272583797954e-01
3.158116027928419833e-01
3.156787041768336355e-01
3.155459312160965313e-01
3.154132837167916148e-01
3.152807614854970519e-01
3.151483643292080083e-01
3.150160920553342070e-01
3.148839444717003166e-01
3.147519213865435095e-01
3.146200226085132945e-01
3.144882479466695746e-01
3.143565972104819251e-01
3.142250702098286497e-01
3.140936667549950601e-01
3.139623866566730870e-01
3.138312297259596151e-01
3.137001957743554836e-01
3.135692846137647649e-01
3.134384960564927658e-01
3.133078299152459167e-01
3.131772860031300509e-01
3.130468641336496272e-01
3.129165641207068416e-01
3.127863857785993518e-01
3.126563289220206654e-01
3.125263933660586413e-01
3.123965789261934911e-01
3.122668854182981124e-01
3.121373126586359792e-01
3.120078604638606423e-01
3.118785286510142307e-01
3.117493170375269518e-01
3.116202254412153705e-01
3.114912536802819099e-01
3.113624015733134076e-01
3.112336689392803946e-01
3.111050555975359289e-01
3.109765613678143192e-01
3.108481860702306809e-01
3.107199295252791593e-01
3.105917915538324303e-01
3.104637719771405346e-01
3.103358706168297676e-01
3.102080872949019019e-01
3.100804218337327445e-01
3.099528740560716922e-01
3.098254437850399556e-01
3.096981308441306702e-01
3.095709350572067309e-01
3.094438562485003485e-01
3.093168942426123280e-01
3.091900488645102918e-01
3.090633199395286801e-01
3.089367072933669189e-01
3.088102107520886985e-01
3.086838301421211961e-01
3.085575652902542432e-01
3.084314160236386049e-01
3.083053821697855912e-01
3.081794635565662799e-01
3.080536600122099622e-01
3.079279713653034767e-01
3.078023974447905431e-01
3.076769380799701525e-01
3.075515931004962344e-01
3.074263623363763243e-01
3.073012456179710639e-01
3.071762427759924807e-01
3.070513536415037659e-01
3.069265780459181636e-01
3.068019158209978614e-01
3.066773667988531016e-01
3.065529308119416818e-01
3.064286076930674008e-01
3.063043972753791699e-01
3.061802993923709582e-01
3.060563138778798487e-01
3.059324405660854840e-01
3.058086792915096219e-01
3.056850298890141926e-01
3.055614921938016870e-01
3.054380660414132698e-01
3.053147512677282238e-01
3.051915477089631179e-01
3.050684552016708628e-01
3.049454735827396568e-01
3.048226026893924301e-01
3.046998423591858463e-01
3.045771924300090250e-01
3.044546527400834868e-01
3.043322231279612655e-01
3.042099034325250195e-01
3.040876934929864217e-01
3.039655931488857710e-01
3.038436022400908265e-01
3.037217206067961417e-01
3.035999480895223424e-01
3.034782845291143505e-01
3.033567297667421059e-01
3.032352836438984012e-01
3.031139460023986043e-01
3.029927166843798259e-01
3.028715955322995868e-01
3.027505823889356518e-01
3.026296770973850303e-01
3.025088795010626441e-01
3.023881894437011053e-01
3.022676067693496615e-01
3.021471313223730304e-01
3.020267629474516213e-01
3.019065014895790933e-01
3.017863467940631872e-01
3.016662987065237278e-01
3.015463570728926790e-01
3.014265217394124230e-01
3.013067925526357049e-01
3.011871693594246335e-01
3.010676520069496820e-01
3.009482403426890218e-01
3.008289342144279122e-01
3.007097334702574232e-01
3.005906379585742694e-01
3.004716475280793664e-01
3.003527620277776644e-01
3.002339813069769825e-01
3.001153052152872314e-01
2.999967336026198028e-01
2.998782663191866815e-01
2.997599032154996679e-01
2.996416441423699339e-01
2.995234889509065801e-01
2.994054374925164130e-01
2.992874896189031131e-01
2.991696451820660130e-01
2.990519040343002644e-01
2.989342660281952835e-01
2.988167310166339186e-01
2.986992988527925608e-01
2.985819693901394234e-01
2.984647424824344308e-01
2.983476179837282749e-01
2.982305957483614711e-01
2.981136756309641367e-01
2.979968574864544362e-01
2.978801411700389701e-01
2.977635265372109430e-01
2.976470134437499970e-01
2.975306017457213792e-01
2.974142912994752752e-01
2.972980819616459214e-01
2.971819735891511605e-01
2.970659660391913315e-01
2.969500591692489921e-01
2.968342528370878086e-01
2.967185469007522225e-01
2.966029412185661740e-01
2.964874356491329910e-01
2.963720300513345007e-01
2.962567242843301973e-01
2.961415182075565200e-01
2.960264116807265200e-01
2.959114045638283619e-01
2.957964967171256565e-01
2.956816880011560178e-01
2.955669782767307296e-01
2.954523674049338022e-01
2.953378552471216389e-01
2.952234416649217597e-01
2.951091265202330782e-01
2.949949096752240152e-01
2.948807909923328308e-01
2.947667703342664591e-01
2.946528475639998423e-01
2.945390225447757082e-01
2.944252951401029050e-01
2.943116652137569567e-01
2.941981326297784527e-01
2.940846972524730485e-01
2.939713589464101884e-01
2.938581175764228837e-01
2.937449730076069354e-01
2.936319251053202684e-01
2.935189737351823203e-01
2.934061187630729872e-01
2.932933600551328457e-01
2.931806974777617647e-01
2.930681308976184618e-01
2.929556601816197259e-01
2.928432851969404171e-01
2.927310058110114688e-01
2.926188218915212746e-01
2.925067333064128028e-01
2.923947399238847611e-01
2.922828416123899320e-01
2.921710382406350059e-01
2.920593296775795822e-01
2.919477157924362243e-01
2.918361964546687948e-01
2.917247715339929548e-01
2.916134409003747763e-01
2.915022044240302979e-01
2.913910619754249143e-01
2.912800134252729323e-01
2.911690586445370710e-01
2.910581975044270742e-01
2.909474298763999878e-01
2.908367556321591607e-01
2.907261746436536898e-01
2.906156867830777535e-01
2.905052919228700015e-01
2.903949899357132214e-01
2.902847806945332287e-01
2.901746640724988668e-01
2.900646399430208966e-01
2.899547081797518300e-01
2.898448686565847643e-01
2.897351212476537707e-01
2.896254658273320071e-01
2.895159022702323837e-01
2.894064304512058983e-01
2.892970502453420800e-01
2.891877615279674352e-01
2.890785641746456136e-01
2.889694580611764652e-01
2.888604430635954845e-01
2.887515190581733671e-01
2.886426859214154539e-01
2.885339435300607880e-01
2.884252917610820588e-01
2.883167304916847695e-01
2.882082595993065155e-01
2.880998789616169287e-01
2.879915884565165674e-01
2.878833879621364722e-01
2.877752773568379441e-01
2.876672565192118225e-01
2.875593253280775974e-01
2.874514836624832426e-01
2.873437314017044941e-01
2.872360684252445728e-01
2.871284946128329629e-01
2.870210098444258562e-01
2.869136140002045976e-01
2.868063069605757964e-01
2.866990886061707156e-01
2.865919588178441058e-01
2.864849174766748718e-01
2.863779644639644073e-01
2.862710996612364278e-01
2.861643229502365826e-01
2.860576342129318994e-01
2.859510333315101183e-01
2.858445201883791920e-01
2.857380946661666199e-01
2.856317566477195036e-01
2.855255060161031588e-01
2.854193426546013934e-01
2.853132664467154522e-01
2.852072772761633512e-01
2.851013750268804881e-01
2.849955595830173660e-01
2.848898308289408154e-01
2.847841886492321617e-01
2.846786329286873918e-01
2.845731635523164882e-01
2.844677804053431514e-01
2.843624833732035784e-01
2.842572723415467406e-01
2.841521471962336620e-01
2.840471078233364755e-01
2.839421541091385337e-01
2.838372859401336878e-01
2.837325032030255101e-01
2.836278057847270717e-01
2.835231935723604435e-01
2.834186664532562516e-01
2.833142243149529560e-01
2.832098670451964617e-01
2.831055945319397860e-01
2.830014066633421699e-01
2.828973033277693561e-01
2.827932844137919233e-01
2.826893498101859525e-01
2.825854994059321945e-01
2.824817330902146817e-01
2.823780507524220051e-01
2.822744522821450386e-01
2.821709375691779376e-01
2.820675065035164186e-01
2.819641589753580924e-01
2.818608948751017973e-01
2.817577140933471558e-01
2.816546165208938524e-01
2.815516020487415227e-01
2.814486705680887546e-01
2.813458219703334207e-01
2.812430561470715129e-01
2.811403729900968096e-01
2.810377723914008752e-01
2.809352542431719502e-01
2.808328184377947845e-01
2.807304648678503600e-01
2.806281934261151689e-01
2.805260040055606585e-01
2.804238964993534533e-01
2.803218708008536897e-01
2.802199268036159041e-01
2.801180644013875898e-01
2.800162834881091967e-01
2.799145839579135764e-01
2.798129657051257047e-01
2.797114286242619596e-01
2.796099726100295668e-01
2.795085975573268766e-01
2.794073033612418100e-01
2.793060899170526912e-01
2.792049571202267488e-01
2.791039048664199496e-01
2.790029330514770534e-01
2.789020415714307255e-01
2.788012303225009814e-01
2.787004992010949644e-01
2.785998481038067243e-01
2.784992769274164393e-01
2.783987855688901947e-01
2.782983739253791500e-01
2.781980418942200384e-01
2.780977893729334460e-01
2.779976162592244782e-01
2.778975224509817599e-01
2.777975078462773806e-01
2.776975723433660059e-01
2.775977158406848222e-01
2.774979382368530922e-01
2.773982394306716559e-01
2.772986193211223194e-01
2.771990778073676887e-01
2.770996147887511696e-01
2.770002301647951359e-01
2.769009238352023727e-01
2.768016956998541889e-01
2.767025456588110832e-01
2.766034736123111348e-01
2.765044794607708911e-01
2.764055631047839801e-01
2.763067244451211657e-01
2.762079633827300151e-01
2.761092798187342323e-01
2.760106736544332140e-01
2.759121447913021052e-01
2.758136931309906892e-01
2.757153185753234981e-01
2.756170210262997577e-01
2.755188003860917778e-01
2.754206565570458398e-01
2.753225894416810871e-01
2.752245989426893025e-01
2.751266849629345201e-01
2.750288474054529142e-01
2.749310861734516886e-01
2.748334011703092994e-01
2.747357922995750656e-01
2.746382594649686149e-01
2.745408025703790500e-01
2.744434215198656157e-01
2.743461162176562551e-01
2.742488865681481647e-01
2.741517324759064067e-01
2.740546538456639647e-01
2.739576505823224095e-01
2.738607225909495124e-01
2.737638697767804108e-01
2.736670920452167199e-01
2.735703893018259780e-01
2.734737614523414240e-01
2.733772084026622751e-01
2.732807300588518951e-01
2.731843263271389599e-01
2.730879971139158480e-01
