5.750464692611999273e-03
5.748487375939951953e-03
5.746511610259675412e-03
5.744537393639367710e-03
5.742564724150543698e-03
5.740593599868050630e-03
5.738624018869984897e-03
5.736655979237758815e-03
5.734689479056070266e-03
5.732724516412888820e-03
5.730761089399440990e-03
5.728799196110212835e-03
5.726838834642975114e-03
5.724880003098708689e-03
5.722922699581662644e-03
5.720966922199279686e-03
5.719012669062281153e-03
5.717059938284557719e-03
5.715108727983247462e-03
5.713159036278669944e-03
5.711210861294353965e-03
5.709264201157015876e-03
5.707319053996556986e-03
5.705375417946048806e-03
5.703433291141748671e-03
5.701492671723051159e-03
5.699553557832535804e-03
5.697615947615908109e-03
5.695679839222038583e-03
5.693745230802905490e-03
5.691812120513639953e-03
5.689880506512494732e-03
5.687950386960819935e-03
5.686021760023088172e-03
5.684094623866877208e-03
5.682168976662841341e-03
5.680244816584747829e-03
5.678322141809431789e-03
5.676400950516809207e-03
5.674481240889856122e-03
5.672563011114633777e-03
5.670646259380217498e-03
5.668730983878772153e-03
5.666817182805487969e-03
5.664904854358602214e-03
5.662993996739357563e-03
5.661084608152044603e-03
5.659176686803957593e-03
5.657270230905402271e-03
5.655365238669695857e-03
5.653461708313142764e-03
5.651559638055047609e-03
5.649659026117677917e-03
5.647759870726317029e-03
5.645862170109195582e-03
5.643965922497497581e-03
5.642071126125395956e-03
5.640177779229997926e-03
5.638285880051345858e-03
5.636395426832452836e-03
5.634506417819253217e-03
5.632618851260594826e-03
5.630732725408265846e-03
5.628848038516959251e-03
5.626964788844273681e-03
5.625082974650720373e-03
5.623202594199708422e-03
5.621323645757523094e-03
5.619446127593352713e-03
5.617570037979242696e-03
5.615695375190134578e-03
5.613822137503808769e-03
5.611950323200938333e-03
5.610079930565017858e-03
5.608210957882408566e-03
5.606343403442301879e-03
5.604477265536750644e-03
5.602612542460609288e-03
5.600749232511560705e-03
5.598887333990112784e-03
5.597026845199590608e-03
5.595167764446108694e-03
5.593310090038599615e-03
5.591453820288784515e-03
5.589598953511154891e-03
5.587745488023015961e-03
5.585893422144424213e-03
5.584042754198217766e-03
5.582193482509999020e-03
5.580345605408133791e-03
5.578499121223721817e-03
5.576654028290640129e-03
5.574810324945487540e-03
5.572968009527590715e-03
5.571127080379037130e-03
5.569287535844611760e-03
5.567449374271831765e-03
5.565612594010919609e-03
5.563777193414803923e-03
5.561943170839129917e-03
5.560110524642232488e-03
5.558279253185115405e-03
5.556449354831499883e-03
5.554620827947768201e-03
5.552793670902975848e-03
5.550967882068855858e-03
5.549143459819797994e-03
5.547320402532855688e-03
5.545498708587712211e-03
5.543678376366729249e-03
5.541859404254878378e-03
5.540041790639797445e-03
5.538225533911715973e-03
5.536410632463526285e-03
5.534597084690702842e-03
5.532784888991362955e-03
5.530974043766213009e-03
5.529164547418569282e-03
5.527356398354352739e-03
5.525549594982059540e-03
5.523744135712774055e-03
5.521940018960178401e-03
5.520137243140512545e-03
5.518335806672584713e-03
5.516535707977787868e-03
5.514736945480058078e-03
5.512939517605894464e-03
5.511143422784323641e-03
5.509348659446947419e-03
5.507555226027888162e-03
5.505763120963798329e-03
5.503972342693874351e-03
5.502182889659821934e-03
5.500394760305856064e-03
5.498607953078722688e-03
5.496822466427675295e-03
5.495038298804454102e-03
5.493255448663299928e-03
5.491473914460953329e-03
5.489693694656638985e-03
5.487914787712057894e-03
5.486137192091396046e-03
5.484360906261296666e-03
5.482585928690885367e-03
5.480812257851741531e-03
5.479039892217899173e-03
5.477268830265832195e-03
5.475499070474500359e-03
5.473730611325247804e-03
5.471963451301901926e-03
5.470197588890700520e-03
5.468433022580310859e-03
5.466669750861821026e-03
5.464907772228726028e-03
5.463147085176955561e-03
5.461387688204819360e-03
5.459629579813051435e-03
5.457872758504761501e-03
5.456117222785471406e-03
5.454362971163076099e-03
5.452610002147850569e-03
5.450858314252447247e-03
5.449107905991915947e-03
5.447358775883639689e-03
5.445610922447378065e-03
5.443864344205259428e-03
5.442119039681732329e-03
5.440375007403635763e-03
5.438632245900129787e-03
5.436890753702706795e-03
5.435150529345200189e-03
5.433411571363793921e-03
5.431673878296950503e-03
5.429937448685499476e-03
5.428202281072545474e-03
5.426468374003548881e-03
5.424735726026224357e-03
5.423004335690632775e-03
5.421274201549087547e-03
5.419545322156236154e-03
5.417817696069002036e-03
5.416091321846572444e-03
5.414366198050427938e-03
5.412642323244308551e-03
5.410919695994253695e-03
5.409198314868534502e-03
5.407478178437698929e-03
5.405759285274550942e-03
5.404041633954119288e-03
5.402325223053732091e-03
5.400610051152893686e-03
5.398896116833400843e-03
5.397183418679250833e-03
5.395471955276682184e-03
5.393761725214146936e-03
5.392052727082327114e-03
5.390344959474122587e-03
5.388638420984625046e-03
5.386933110211150968e-03
5.385229025753204314e-03
5.383526166212494746e-03
5.381824530192926351e-03
5.380124116300576825e-03
5.378424923143728699e-03
5.376726949332828569e-03
5.375030193480504447e-03
5.373334654201555351e-03
5.371640330112945234e-03
5.369947219833798649e-03
5.368255321985395540e-03
5.366564635191181654e-03
5.364875158076746857e-03
5.363186889269804317e-03
5.361499827400252084e-03
5.359813971100089829e-03
5.358129319003454398e-03
5.356445869746616351e-03
5.354763621967974750e-03
5.353082574308040686e-03
5.351402725409442479e-03
5.349724073916912667e-03
5.348046618477307092e-03
5.346370357739578874e-03
5.344695290354763671e-03
5.343021414976011768e-03
5.341348730258560322e-03
5.339677234859716883e-03
5.338006927438885413e-03
5.336337806657555013e-03
5.334669871179271300e-03
5.333003119669657219e-03
5.331337550796402640e-03
5.329673163229255682e-03
5.328009955640034857e-03
5.326347926702583967e-03
5.324687075092825878e-03
5.323027399488720023e-03
5.321368898570249389e-03
5.319711571019454348e-03
5.318055415520409231e-03
5.316400430759207589e-03
5.314746615423974335e-03
5.313093968204850998e-03
5.311442487793991384e-03
5.309792172885591938e-03
5.308143022175819750e-03
5.306495034362867201e-03
5.304848208146930276e-03
5.303202542230195556e-03
5.301558035316855828e-03
5.299914686113066722e-03
5.298272493326999615e-03
5.296631455668793925e-03
5.294991571850568395e-03
5.293352840586415010e-03
5.291715260592399009e-03
5.290078830586557139e-03
5.288443549288872510e-03
5.286809415421305815e-03
5.285176427707762373e-03
5.283544584874107740e-03
5.281913885648128679e-03
5.280284328759599945e-03
5.278655912940201887e-03
5.277028636923562950e-03
5.275402499445232783e-03
5.273777499242716937e-03
5.272153635055412679e-03
5.270530905624659299e-03
5.268909309693711220e-03
5.267288846007724123e-03
5.265669513313786174e-03
5.264051310360871178e-03
5.262434235899865476e-03
5.260818288683546257e-03
5.259203467466592834e-03
5.257589771005582308e-03
5.255977198058967015e-03
5.254365747387089274e-03
5.252755417752170974e-03
5.251146207918311846e-03
5.249538116651485987e-03
5.247931142719528853e-03
5.246325284892160677e-03
5.244720541940942234e-03
5.243116912639312135e-03
5.241514395762552139e-03
5.239912990087791482e-03
5.238312694394022494e-03
5.236713507462077179e-03
5.235115428074618542e-03
5.233518455016169212e-03
5.231922587073048990e-03
5.230327823033451180e-03
5.228734161687367127e-03
5.227141601826621777e-03
5.225550142244851128e-03
5.223959781737530852e-03
5.222370519101920787e-03
5.220782353137095287e-03
5.219195282643961445e-03
5.217609306425200107e-03
5.216024423285297099e-03
5.214440632030546696e-03
5.212857931469016930e-03
5.211276320410576472e-03
5.209695797666887701e-03
5.208116362051368534e-03
5.206538012379240132e-03
5.204960747467483537e-03
5.203384566134865684e-03
5.201809467201902980e-03
5.200235449490893391e-03
5.198662511825901701e-03
5.197090653032721344e-03
5.195519871938927316e-03
5.193950167373838009e-03
5.192381538168529959e-03
5.190813983155792739e-03
5.189247501170194884e-03
5.187682091048025773e-03
5.186117751627309508e-03
5.184554481747813588e-03
5.182992280251000339e-03
5.181431145980111043e-03
5.179871077780068798e-03
5.178312074497521018e-03
5.176754134980828155e-03
5.175197258080084517e-03
5.173641442647076635e-03
5.172086687535284132e-03
5.170532991599919616e-03
5.168980353697870574e-03
5.167428772687732326e-03
5.165878247429784610e-03
5.164328776786001989e-03
5.162780359620037368e-03
5.161232994797249757e-03
5.159686681184647884e-03
5.158141417650931836e-03
5.156597203066481776e-03
5.155054036303350143e-03
5.153511916235216546e-03
5.151970841737488378e-03
5.150430811687186326e-03
5.148891824962997278e-03
5.147353880445288202e-03
5.145816977016051501e-03
5.144281113558927566e-03
5.142746288959223859e-03
5.141212502103879346e-03
5.139679751881459299e-03
5.138148037182174374e-03
5.136617356897881480e-03
5.135087709922043879e-03
5.133559095149778893e-03
5.132031511477799790e-03
5.130504957804471293e-03
5.128979433029730653e-03
5.127454936055183057e-03
5.125931465784016629e-03
5.124409021121017170e-03
5.122887600972614135e-03
5.121367204246797360e-03
5.119847829853193394e-03
5.118329476702992639e-03
5.116812143709012668e-03
5.115295829785621896e-03
5.113780533848821981e-03
5.112266254816165423e-03
5.110752991606804137e-03
5.109240743141461698e-03
5.107729508342429003e-03
5.106219286133592029e-03
5.104710075440395400e-03
5.103201875189848462e-03
5.101694684310531351e-03
5.100188501732571579e-03
5.098683326387682194e-03
5.097179157209099330e-03
5.095675993131635120e-03
5.094173833091652538e-03
5.092672676027045452e-03
5.091172520877254234e-03
5.089673366583284848e-03
5.088175212087647260e-03
5.086678056334410086e-03
5.085181898269171968e-03
5.083686736839052034e-03
5.082192570992703773e-03
5.080699399680306365e-03
5.079207221853561209e-03
5.077716036465669373e-03
5.076225842471377564e-03
5.074736638826925217e-03
5.073248424490078325e-03
5.071761198420094742e-03
5.070274959577736329e-03
5.068789706925277624e-03
5.067305439426480693e-03
5.065822156046628950e-03
5.064339855752472523e-03
5.062858537512256001e-03
5.061378200295722773e-03
5.059898843074111564e-03
5.058420464820105253e-03
5.056943064507907204e-03
5.055466641113170144e-03
5.053991193613036927e-03
5.052516720986126655e-03
5.051043222212513867e-03
5.049570696273743275e-03
5.048099142152816764e-03
5.046628558834224607e-03
5.045158945303883022e-03
5.043690300549185344e-03
5.042222623558969934e-03
5.040755913323515837e-03
5.039290168834562739e-03
5.037825389085304022e-03
5.036361573070353807e-03
5.034898719785792058e-03
5.033436828229094322e-03
5.031975897399214130e-03
5.030515926296524019e-03
5.029056913922815529e-03
5.027598859281306141e-03
5.026141761376654027e-03
5.024685619214925951e-03
5.023230431803609418e-03
5.021776198151619609e-03
5.020322917269268159e-03
5.018870588168290910e-03
5.017419209861827961e-03
5.015968781364417602e-03
5.014519301692014520e-03
5.013070769861975064e-03
5.011623184893039019e-03
5.010176545805366047e-03
5.008730851620470624e-03
5.007286101361306183e-03
5.005842294052179238e-03
5.004399428718802299e-03
5.002957504388249634e-03
5.001516520089003236e-03
5.000076474850897318e-03
4.998637367705159942e-03
4.997199197684393940e-03
4.995761963822558695e-03
4.994325665154984023e-03
4.992890300718391856e-03
4.991455869550826853e-03
4.990022370691725787e-03
4.988589803181862903e-03
4.987158166063394155e-03
4.985727458379802558e-03
4.984297679175938960e-03
4.982868827497994278e-03
4.981440902393513386e-03
4.980013902911384696e-03
4.978587828101824556e-03
4.977162677016405863e-03
4.975738448708029449e-03
4.974315142230937084e-03
4.972892756640690665e-03
4.971471290994187824e-03
4.970050744349666268e-03
4.968631115766671685e-03
4.967212404306066420e-03
4.965794609030053756e-03
4.964377729002139757e-03
4.962961763287157546e-03
4.961546710951239558e-03
4.960132571061844423e-03
4.958719342687715331e-03
4.957307024898931214e-03
4.955895616766847755e-03
4.954485117364144237e-03
4.953075525764780163e-03
4.951666841044029960e-03
4.950259062278444810e-03
4.948852188545880409e-03
4.947446218925471810e-03
4.946041152497652506e-03
4.944636988344130145e-03
4.943233725547908214e-03
4.941831363193258282e-03
4.940429900365739951e-03
4.939029336152178304e-03
4.937629669640682985e-03
4.936230899920639528e-03
4.934833026082668592e-03
4.933436047218705753e-03
4.932039962421911304e-03
4.930644770786742244e-03
4.929250471408887224e-03
4.927857063385307317e-03
4.926464545814209124e-03
4.925072917795072537e-03
4.923682178428608232e-03
4.922292326816781957e-03
4.920903362062827545e-03
4.919515283271169714e-03
4.918128089547539432e-03
4.916741779998867225e-03
4.915356353733337826e-03
4.913971809860365886e-03
4.912588147490597711e-03
4.911205365735920800e-03
4.909823463709436960e-03
4.908442440525493528e-03
4.907062295299650413e-03
4.905683027148698312e-03
4.904304635190630951e-03
4.902927118544685853e-03
4.901550476331292296e-03
4.900174707672127691e-03
4.898799811690039523e-03
4.897425787509125140e-03
4.896052634254647630e-03
4.894680351053114740e-03
4.893308937032222507e-03
4.891938391320862188e-03
4.890568713049135013e-03
4.889199901348329630e-03
4.887831955350939450e-03
4.886464874190650509e-03
4.885098657002322382e-03
4.883733302922034156e-03
4.882368811087028047e-03
4.881005180635738031e-03
4.879642410707782027e-03
4.878280500443954101e-03
4.876919448986236603e-03
4.875559255477781087e-03
4.874199919062907442e-03
4.872841438887125579e-03
4.871483814097096396e-03
4.870127043840667344e-03
4.868771127266838597e-03
4.867416063525782134e-03
4.866061851768817455e-03
4.864708491148453211e-03
4.863355980818322155e-03
4.862004319933252265e-03
4.860653507649179139e-03
4.859303543123234467e-03
4.857954425513661030e-03
4.856606153979887291e-03
4.855258727682464949e-03
4.853912145783089750e-03
4.852566407444622310e-03
4.851221511831018719e-03
4.849877458107417286e-03
4.848534245440073477e-03
4.847191872996377271e-03
4.845850339944856623e-03
4.844509645455161856e-03
4.843169788698081270e-03
4.841830768845523797e-03
4.840492585070512929e-03
4.839155236547224882e-03
4.837818722450920074e-03
4.836483041957994299e-03
4.835148194245976125e-03
4.833814178493482661e-03
4.832480993880249910e-03
4.831148639587134509e-03
4.829817114796097245e-03
4.828486418690208261e-03
4.827156550453632310e-03
4.825827509271651307e-03
4.824499294330647850e-03
4.823171904818080932e-03
4.821845339922542321e-03
4.820519598833697579e-03
4.819194680742309479e-03
4.817870584840238009e-03
4.816547310320422152e-03
4.815224856376905914e-03
4.813903222204801019e-03
4.812582407000309467e-03
4.811262409960738277e-03
4.809943230284436169e-03
4.808624867170862953e-03
4.807307319820541824e-03
4.805990587435061100e-03
4.804674669217115848e-03
4.803359564370431566e-03
4.802045272099829225e-03
4.800731791611193185e-03
4.799419122111467720e-03
4.798107262808672634e-03
4.796796212911869431e-03
4.795485971631208155e-03
4.794176538177884889e-03
4.792867911764139149e-03
4.791560091603282515e-03
4.790253076909671733e-03
4.788946866898720865e-03
4.787641460786897819e-03
4.786336857791703529e-03
4.785033057131692774e-03
4.783730058026474177e-03
4.782427859696678982e-03
4.781126461363990540e-03
4.779825862251150387e-03
4.778526061581898389e-03
4.777227058581037800e-03
4.775928852474392756e-03
4.774631442488830833e-03
4.773334827852237019e-03
4.772039007793538873e-03
4.770743981542675295e-03
4.769449748330619084e-03
4.768156307389378665e-03
4.766863657951957330e-03
4.765571799252389662e-03
4.764280730525736335e-03
4.762990451008072834e-03
4.761700959936475581e-03
4.760412256549047087e-03
4.759124340084901206e-03
4.757837209784148390e-03
4.756550864887931253e-03
4.755265304638369057e-03
4.753980528278604553e-03
4.752696535052775353e-03
4.751413324206029548e-03
4.750130894984497948e-03
4.748849246635334850e-03
4.747568378406662529e-03
4.746288289547621539e-03
4.745008979308316943e-03
4.743730446939869484e-03
4.742452691694386963e-03
4.741175712824949491e-03
4.739899509585640720e-03
4.738624081231511409e-03
4.737349427018618456e-03
4.736075546203965918e-03
4.734802438045574401e-03
4.733530101802416873e-03
4.732258536734443820e-03
4.730987742102596254e-03
4.729717717168768418e-03
4.728448461195848551e-03
4.727179973447668583e-03
4.725912253189044898e-03
4.724645299685759255e-03
4.723379112204556182e-03
4.722113690013138645e-03
4.720849032380168044e-03
4.719585138575284160e-03
4.718322007869072202e-03
4.717059639533058464e-03
4.715798032839755433e-03
4.714537187062622751e-03
4.713277101476035999e-03
4.712017775355372556e-03
4.710759207976926606e-03
4.709501398617946429e-03
4.708244346556623126e-03
4.706988051072097563e-03
4.705732511444454293e-03
4.704477726954710282e-03
4.703223696884827054e-03
4.701970420517708957e-03
4.700717897137176270e-03
4.699466126028016381e-03
4.698215106475917002e-03
4.696964837767517338e-03
4.695715319190382070e-03
4.694466550032997884e-03
4.693218529584795157e-03
4.691971257136101983e-03
4.690724731978194485e-03
4.689478953403262984e-03
4.688233920704415469e-03
4.686989633175688875e-03
4.685746090112017856e-03
4.684503290809272948e-03
4.683261234564231081e-03
4.682019920674585986e-03
4.680779348438937788e-03
4.679539517156801678e-03
4.678300426128594036e-03
4.677062074655647175e-03
4.675824462040197201e-03
4.674587587585376201e-03
4.673351450595224395e-03
4.672116050374690993e-03
4.670881386229610785e-03
4.669647457466729289e-03
4.668414263393674997e-03
4.667181803318986265e-03
4.665950076552078350e-03
4.664719082403281578e-03
4.663488820183790164e-03
4.662259289205705586e-03
4.661030488782026172e-03
4.659802418226608074e-03
4.658575076854208630e-03
4.657348463980464683e-03
4.656122578921911663e-03
4.654897420995937618e-03
4.653672989520836120e-03
4.652449283815754226e-03
4.651226303200739313e-03
4.650004046996687908e-03
4.648782514525389917e-03
4.647561705109503477e-03
4.646341618072555822e-03
4.645122252738931139e-03
4.643903608433903527e-03
4.642685684483592763e-03
4.641468480214998998e-03
4.640251994955973264e-03
4.639036228035239157e-03
4.637821178782379830e-03
4.636606846527820645e-03
4.635393230602870805e-03
4.634180330339677384e-03
4.632968145071245276e-03
4.631756674131445872e-03
4.630545916854982361e-03
4.629335872577421823e-03
4.628126540635182223e-03
4.626917920365526335e-03
4.625710011106558273e-03
4.624502812197225227e-03
4.623296322977339147e-03
4.622090542787530773e-03
4.620885470969280859e-03
4.619681106864916703e-03
4.618477449817591333e-03
4.617274499171305190e-03
4.616072254270890511e-03
4.614870714462016542e-03
4.613669879091177387e-03
4.612469747505710226e-03
4.611270319053769294e-03
4.610071593084352770e-03
4.608873568947262876e-03
4.607676245993166594e-03
4.606479623573524543e-03
4.605283701040624803e-03
4.604088477747582051e-03
4.602893953048337559e-03
4.601700126297651391e-03
4.600506996851088520e-03
4.599314564065045720e-03
4.598122827296725543e-03
4.596931785904147597e-03
4.595741439246147676e-03
4.594551786682377764e-03
4.593362827573290418e-03
4.592174561280145707e-03
4.590986987165021627e-03
4.589800104590796744e-03
4.588613912921156272e-03
4.587428411520586870e-03
4.586243599754380104e-03
4.585059476988625517e-03
4.583876042590222764e-03
4.582693295926858201e-03
4.581511236367026563e-03
4.580329863280001475e-03
4.579149176035870149e-03
4.577969174005503891e-03
4.576789856560569379e-03
4.575611223073519120e-03
4.574433272917607061e-03
4.573256005466866912e-03
4.572079420096112137e-03
4.570903516180954175e-03
4.569728293097796365e-03
4.568553750223813131e-03
4.567379886936947381e-03
4.566206702615950401e-03
4.565034196640345432e-03
4.563862368390425930e-03
4.562691217247259907e-03
4.561520742592708143e-03
4.560350943809399031e-03
4.559181820280719909e-03
4.558013371390857819e-03
4.556845596524745738e-03
4.555678495068093796e-03
4.554512066407391882e-03
4.553346309929884490e-03
4.552181225023579393e-03
4.551016811077269325e-03
4.549853067480494687e-03
4.548689993623556554e-03
4.547527588897524488e-03
4.546365852694225253e-03
4.545204784406245424e-03
4.544044383426932253e-03
4.542884649150382391e-03
4.541725580971453166e-03
4.540567178285753042e-03
4.539409440489640749e-03
4.538252366980237429e-03
4.537095957155404952e-03
4.535940210413759791e-03
4.534785126154659146e-03
4.533630703778220028e-03
4.532476942685283693e-03
4.531323842277471155e-03
4.530171401957097319e-03
4.529019621127276796e-03
4.527868499191811148e-03
4.526718035555277360e-03
4.525568229622978396e-03
4.524419080800954479e-03
4.523270588495992631e-03
4.522122752115592843e-03
4.520975571068009714e-03
4.519829044762223823e-03
4.518683172607946066e-03
4.517537954015620263e-03
4.516393388396418816e-03
4.515249475162243578e-03
4.514106213725720650e-03
4.512963603500199511e-03
4.511821643899761695e-03
4.510680334339215586e-03
4.509539674234076465e-03
4.508399663000595137e-03
4.507260300055731042e-03
4.506121584817178276e-03
4.504983516703336098e-03
4.503846095133326281e-03
4.502709319526986172e-03
4.501573189304856545e-03
4.500437703888224977e-03
4.499302862699036502e-03
4.498168665160001169e-03
4.497035110694515107e-03
4.495902198726681349e-03
4.494769928681308958e-03
4.493638299983935581e-03
4.492507312060770204e-03
4.491376964338755599e-03
4.490247256245526696e-03
4.489118187209426188e-03
4.487989756659481987e-03
4.486861964025443648e-03
4.485734808737755486e-03
4.484608290227533149e-03
4.483482407926630414e-03
4.482357161267574129e-03
4.481232549683575490e-03
4.480108572608569074e-03
4.478985229477157326e-03
4.477862519724639181e-03
4.476740442787027416e-03
4.475618998100971448e-03
4.474498185103870096e-03
4.473378003233773569e-03
4.472258451929419024e-03
4.471139530630247050e-03
4.470021238776355696e-03
4.468903575808555982e-03
4.467786541168313787e-03
4.466670134297800153e-03
4.465554354639847054e-03
4.464439201637969944e-03
4.463324674736360818e-03
4.462210773379903829e-03
4.461097497014138852e-03
4.459984845085295316e-03
4.458872817040254039e-03
4.457761412326592329e-03
4.456650630392549294e-03
4.455540470687033641e-03
4.454430932659625419e-03
4.453322015760576881e-03
4.452213719440788198e-03
4.451106043151854298e-03
4.449998986346014561e-03
4.448892548476181437e-03
4.447786728995928307e-03
4.446681527359490349e-03
4.445576943021763670e-03
4.444472975438311380e-03
4.443369624065335831e-03
4.442266888359724594e-03
4.441164767779000148e-03
4.440063261781353708e-03
4.438962369825625275e-03
4.437862091371309707e-03
4.436762425878560193e-03
4.435663372808176970e-03
4.434564931621610799e-03
4.433467101780964696e-03
4.432369882748990464e-03
4.431273273989082620e-03
4.430177274965287071e-03
4.429081885142306316e-03
4.427987103985463885e-03
4.426892930960757248e-03
4.425799365534795367e-03
4.424706407174845528e-03
4.423614055348822939e-03
4.422522309525278583e-03
4.421431169173377536e-03
4.420340633762968353e-03
4.419250702764505878e-03
4.418161375649084198e-03
4.417072651888438381e-03
4.415984530954934068e-03
4.414897012321578745e-03
4.413810095461995729e-03
4.412723779850458855e-03
4.411638064961850847e-03
4.410552950271711022e-03
4.409468435256182380e-03
4.408384519392049769e-03
4.407301202156712998e-03
4.406218483028206782e-03
4.405136361485190340e-03
4.404054837006952591e-03
4.402973909073380938e-03
4.401893577165006365e-03
4.400813840762977415e-03
4.399734699349060196e-03
4.398656152405637509e-03
4.397578199415707982e-03
4.396500839862891273e-03
4.395424073231432409e-03
4.394347899006174028e-03
4.393272316672588475e-03
4.392197325716749173e-03
4.391122925625347111e-03
4.390049115885685631e-03
4.388975895985675231e-03
4.387903265413850042e-03
4.386831223659323591e-03
4.385759770211836509e-03
4.384688904561755661e-03
4.383618626200014301e-03
4.382548934618172784e-03
4.381479829308396884e-03
4.380411309763435242e-03
4.379343375476667938e-03
4.378276025942071797e-03
4.377209260654192635e-03
4.376143079108209440e-03
4.375077480799890138e-03
4.374012465225590729e-03
4.372948031882288242e-03
4.371884180267518287e-03
4.370820909879447914e-03
4.369758220216811428e-03
4.368696110778955491e-03
4.367634581065812233e-03
4.366573630577901856e-03
4.365513258816335236e-03
4.364453465282819994e-03
4.363394249479644882e-03
4.362335610909691928e-03
4.361277549076425161e-03
4.360220063483897547e-03
4.359163153636752726e-03
4.358106819040206796e-03
4.357051059200066530e-03
4.355995873622724168e-03
4.354941261815142677e-03
4.353887223284879163e-03
4.352833757540061459e-03
4.351780864089402866e-03
4.350728542442193481e-03
4.349676792108294124e-03
4.348625612598147616e-03
4.347575003422774441e-03
4.346524964093769275e-03
4.345475494123287111e-03
4.344426593024085757e-03
4.343378260309465992e-03
4.342330495493314062e-03
4.341283298090075661e-03
4.340236667614787158e-03
4.339190603583040033e-03
4.338145105510979142e-03
4.337100172915354761e-03
4.336055805313439315e-03
4.335012002223102845e-03
4.333968763162763561e-03
4.332926087651425145e-03
4.331883975208617767e-03
4.330842425354463135e-03
4.329801437609625062e-03
4.328761011495354562e-03
4.327721146533432608e-03
4.326681842246209164e-03
4.325643098156606650e-03
4.324604913788083517e-03
4.323567288664662868e-03
4.322530222310929857e-03
4.321493714252005666e-03
4.320457764013586541e-03
4.319422371121917764e-03
4.318387535103778048e-03
4.317353255486521164e-03
4.316319531798029109e-03
4.315286363566761541e-03
4.314253750321702004e-03
4.313221691592389155e-03
4.312190186908912426e-03
4.311159235801905083e-03
4.310128837802552036e-03
4.309098992442569019e-03
4.308069699254232082e-03
4.307040957770343764e-03
4.306012767524265185e-03
4.304985128049891759e-03
4.303958038881654062e-03
4.302931499554532579e-03
4.301905509604048161e-03
4.300880068566242075e-03
4.299855175977715903e-03
4.298830831375588177e-03
4.297807034297532539e-03
4.296783784281742180e-03
4.295761080866951527e-03
4.294738923592435371e-03
4.293717311997977647e-03
4.292696245623931275e-03
4.291675724011144444e-03
4.290655746701019582e-03
4.289636313235474334e-03
4.288617423156963239e-03
4.287599076008467326e-03
4.286581271333496715e-03
4.285564008676080207e-03
4.284547287580792174e-03
4.283531107592701385e-03
4.282515468257423914e-03
4.281500369121100588e-03
4.280485809730380509e-03
4.279471789632440133e-03
4.278458308374985010e-03
4.277445365506235900e-03
4.276432960574921838e-03
4.275421093130313092e-03
4.274409762722180400e-03
4.273398968900820119e-03
4.272388711217044686e-03
4.271378989222177416e-03
4.270369802468056836e-03
4.269361150507043623e-03
4.268353032892011067e-03
4.267345449176333794e-03
4.266338398913918119e-03
4.265331881659158685e-03
4.264325896966986162e-03
4.263320444392810007e-03
4.262315523492580041e-03
4.261311133822735277e-03
4.260307274940222134e-03
4.259303946402512656e-03
4.258301147767564604e-03
4.257298878593853558e-03
4.256297138440346892e-03
4.255295926866530659e-03
4.254295243432386180e-03
4.253295087698396107e-03
4.252295459225553971e-03
4.251296357575334688e-03
4.250297782309744865e-03
4.249299732991258620e-03
4.248302209182867016e-03
4.247305210448062453e-03
4.246308736350810908e-03
4.245312786455608320e-03
4.244317360327422468e-03
4.243322457531725940e-03
4.242328077634483115e-03
4.241334220202151034e-03
4.240340884801687207e-03
4.239348071000524458e-03
4.238355778366612557e-03
4.237364006468376590e-03
4.236372754874726497e-03
4.235382023155073554e-03
4.234391810879316494e-03
4.233402117617835435e-03
4.232412942941504025e-03
4.231424286421685103e-03
4.230436147630209885e-03
4.229448526139419594e-03
4.228461421522122093e-03
4.227474833351623114e-03
4.226488761201697628e-03
4.225503204646615871e-03
4.224518163261113853e-03
4.223533636620431519e-03
4.222549624300260714e-03
4.221566125876800683e-03
4.220583140926709512e-03
4.219600669027149219e-03
4.218618709755722444e-03
4.217637262690535765e-03
4.216656327410171073e-03
4.215675903493674298e-03
4.214695990520570153e-03
4.213716588070862135e-03
4.212737695725025586e-03
4.211759313064001621e-03
4.210781439669219681e-03
4.209804075122560232e-03
4.208827219006395538e-03
4.207850870903552358e-03
4.206875030397331898e-03
4.205899697071504607e-03
4.204924870510316250e-03
4.203950550298465351e-03
4.202976736021115343e-03
4.202003427263933596e-03
4.201030623613001211e-03
4.200058324654897153e-03
4.199086529976651418e-03
4.198115239165767579e-03
4.197144451810203708e-03
4.196174167498374977e-03
4.195204385819174472e-03
4.194235106361944576e-03
4.193266328716487371e-03
4.192298052473070712e-03
4.191330277222420422e-03
4.190363002555715088e-03
4.189396228064599069e-03
4.188429953341154741e-03
4.187464177977955407e-03
4.186498901567986368e-03
4.185534123704729922e-03
4.184569843982106387e-03
4.183606061994470625e-03
4.182642777336658887e-03
4.181679989603942840e-03
4.180717698392046044e-03
4.179755903297160437e-03
4.178794603915911635e-03
4.177833799845384090e-03
4.176873490683099405e-03
4.175913676027035414e-03
4.174954355475627918e-03
4.173995528627740328e-03
4.173037195082693156e-03
4.172079354440265744e-03
4.171122006300652038e-03
4.170165150264519560e-03
4.169208785932963443e-03
4.168252912907528980e-03
4.167297530790201217e-03
4.166342639183414492e-03
4.165388237690034225e-03
4.164434325913375992e-03
4.163480903457188187e-03
4.162527969925664158e-03
4.161575524923434403e-03
4.160623568055569176e-03
4.159672098927579345e-03
4.158721117145405995e-03
4.157770622315427357e-03
4.156820614044466622e-03
4.155871091939774588e-03
4.154922055609041806e-03
4.153973504660382968e-03
4.153025438702362057e-03
4.152077857343961127e-03
4.151130760194598514e-03
4.150184146864143581e-03
4.149238016962860341e-03
4.148292370101476847e-03
4.147347205891126209e-03
4.146402523943389096e-03
4.145458323870269447e-03
4.144514605284196213e-03
4.143571367798029419e-03
4.142628611025049763e-03
4.141686334578967288e-03
4.140744538073923113e-03
4.139803221124487703e-03
4.138862383345625305e-03
4.137922024352777214e-03
4.136982143761743815e-03
4.136042741188811211e-03
4.135103816250643681e-03
4.134165368564344384e-03
4.133227397747435417e-03
4.132289903417863015e-03
4.131352885193979342e-03
4.130416342694575443e-03
4.129480275538850893e-03
4.128544683346421600e-03
4.127609565737314599e-03
4.126674922331991478e-03
4.125740752751323216e-03
4.124807056616587586e-03
4.123873833549483899e-03
4.122941083172127798e-03
4.122008805107046925e-03
4.121076998977192193e-03
4.120145664405899626e-03
4.119214801016951068e-03
4.118284408434513474e-03
4.117354486283183145e-03
4.116425034187965772e-03
4.115496051774255627e-03
4.114567538667886736e-03
4.113639494495073025e-03
4.112711918882469044e-03
4.111784811457099703e-03
4.110858171846434872e-03
4.109931999678314782e-03
4.109006294581007274e-03
4.108081056183189583e-03
4.107156284113932729e-03
4.106231978002710184e-03
4.105308137479409154e-03
4.104384762174314964e-03
4.103461851718109323e-03
4.102539405741886802e-03
4.101617423877140962e-03
4.100695905755759145e-03
4.099774851010037219e-03
4.098854259272672641e-03
4.097934130176743642e-03
4.097014463355749987e-03
4.096095258443581758e-03
4.095176515074528019e-03
4.094258232883265548e-03
4.093340411504874446e-03
4.092423050574838135e-03
4.091506149729019076e-03
4.090589708603689992e-03
4.089673726835511315e-03
4.088758204061534660e-03
4.087843139919211492e-03
4.086928534046382726e-03
4.086014386081272647e-03
4.085100695662514068e-03
4.084187462429122312e-03
4.083274686020504744e-03
4.082362366076446904e-03
4.081450502237149794e-03
4.080539094143176976e-03
4.079628141435497936e-03
4.078717643755455126e-03
4.077807600744791719e-03
4.076898012045643803e-03
4.075988877300497013e-03
4.075080196152276735e-03
4.074171968244248362e-03
4.073264193220083214e-03
4.072356870723828175e-03
4.071450000399931719e-03
4.070543581893188399e-03
4.069637614848824712e-03
4.068732098912404560e-03
4.067827033729897769e-03
4.066922418947657540e-03
4.066018254212397029e-03
4.065114539171234449e-03
4.064211273471636694e-03
4.063308456761489593e-03
4.062406088689012908e-03
4.061504168902848808e-03
4.060602697051983803e-03
4.059701672785788647e-03
4.058801095754022668e-03
4.057900965606814694e-03
4.057001281994655241e-03
4.056102044568428606e-03
4.055203252979391187e-03
4.054304906879149795e-03
4.053407005919728440e-03
4.052509549753472926e-03
4.051612538033143654e-03
4.050715970411854910e-03
4.049819846543084405e-03
4.048924166080694088e-03
4.048028928678905868e-03
4.047134133992332829e-03
4.046239781675922860e-03
4.045345871385019366e-03
4.044452402775317902e-03
4.043559375502901732e-03
4.042666789224203666e-03
4.041774643596030350e-03
4.040882938275547516e-03
4.039991672920295596e-03
4.039100847188177579e-03
4.038210460737457277e-03
4.037320513226767132e-03
4.036431004315108213e-03
4.035541933661830269e-03
4.034653300926650810e-03
4.033765105769669852e-03
4.032877347851313542e-03
4.031990026832399203e-03
4.031103142374096310e-03
4.030216694137918679e-03
4.029330681785763500e-03
4.028445104979879246e-03
4.027559963382859598e-03
4.026675256657686816e-03
4.025790984467664084e-03
4.024907146476477959e-03
4.024023742348173220e-03
4.023140771747125109e-03
4.022258234338093111e-03
4.021376129786179317e-03
4.020494457756835366e-03
4.019613217915893669e-03
4.018732409929498019e-03
4.017852033464182522e-03
4.016972088186819556e-03
4.016092573764639719e-03
4.015213489865207541e-03
4.014334836156470063e-03
4.013456612306698715e-03
4.012578817984524884e-03
4.011701452858938179e-03
4.010824516599272548e-03
4.009948008875203682e-03
4.009071929356758553e-03
4.008196277714322353e-03
4.007321053618618546e-03
4.006446256740721010e-03
4.005571886752054035e-03
4.004697943324386257e-03
4.003824426129824580e-03
4.002951334840828060e-03
4.002078669130212235e-03
4.001206428671117907e-03
4.000334613137035422e-03
3.999463222201809880e-03
3.998592255539616842e-03
3.997721712824972747e-03
3.996851593732751382e-03
3.995981897938157869e-03
3.995112625116738203e-03
3.994243774944383589e-03
3.993375347097324370e-03
3.992507341252131761e-03
3.991639757085710047e-03
3.990772594275312189e-03
3.989905852498524218e-03
3.989039531433276504e-03
3.988173630757825550e-03
3.987308150150775665e-03
3.986443089291057292e-03
3.985578447857960824e-03
3.984714225531081101e-03
3.983850421990372918e-03
3.982987036916101585e-03
3.982124069988907111e-03
3.981261520889720074e-03
3.980399389299826667e-03
3.979537674900850489e-03
3.978676377374736062e-03
3.977815496403767914e-03
3.976955031670551498e-03
3.976094982858045281e-03
3.975235349649514777e-03
3.974376131728575914e-03
3.973517328779159474e-03
3.972658940485532773e-03
3.971800966532297063e-03
3.970943406604373650e-03
3.970086260387012574e-03
3.969229527565807346e-03
3.968373207826661128e-03
3.967517300855806679e-03
3.966661806339817631e-03
3.965806723965574661e-03
3.964952053420294116e-03
3.964097794391518471e-03
3.963243946567112860e-03
3.962390509635272881e-03
3.961537483284504647e-03
3.960684867203656014e-03
3.959832661081886217e-03
3.958980864608678020e-03
3.958129477473833376e-03
3.957278499367481231e-03
3.956427929980087070e-03
3.955577769002406943e-03
3.954728016125538641e-03
3.953878671040898275e-03
3.953029733440211607e-03
3.952181203015536597e-03
3.951333079459240852e-03
3.950485362464019844e-03
3.949638051722879559e-03
3.948791146929135631e-03
3.947944647776445437e-03
3.947098553958757784e-03
3.946252865170354548e-03
3.945407581105835060e-03
3.944562701460098755e-03
3.943718225928363394e-03
3.942874154206185006e-03
3.942030485989401513e-03
3.941187220974192579e-03
3.940344358857025830e-03
3.939501899334704564e-03
3.938659842104326111e-03
3.937818186863322606e-03
3.936976933309414145e-03
3.936136081140653026e-03
3.935295630055389918e-03
3.934455579752278200e-03
3.933615929930305184e-03
3.932776680288749618e-03
3.931937830527212040e-03
3.931099380345589624e-03
3.930261329444104806e-03
3.929423677523265386e-03
3.928586424283904421e-03
3.927749569427157680e-03
3.926913112654469712e-03
3.926077053667593846e-03
3.925241392168578314e-03
3.924406127859794875e-03
3.923571260443896314e-03
3.922736789623870214e-03
3.921902715102991259e-03
3.921069036584831635e-03
3.920235753773285321e-03
3.919402866372543801e-03
3.918570374087085653e-03
3.917738276621725128e-03
3.916906573681543623e-03
3.916075264971951263e-03
3.915244350198645272e-03
3.914413829067618644e-03
3.913583701285186164e-03
3.912753966557946245e-03
3.911924624592801741e-03
3.911095675096956485e-03
3.910267117777911812e-03
3.909438952343467430e-03
3.908611178501726624e-03
3.907783795961079776e-03
3.906956804430227782e-03
3.906130203618156035e-03
3.905303993234161743e-03
3.904478172987826609e-03
3.903652742589030274e-03
3.902827701747947284e-03
3.902003050175061830e-03
3.901178787581136096e-03
3.900354913677220228e-03
3.899531428174683127e-03
3.898708330785179491e-03
3.897885621220637670e-03
3.897063299193311708e-03
3.896241364415708487e-03
3.895419816600673157e-03
3.894598655461301105e-03
3.893777880711008638e-03
3.892957492063486152e-03
3.892137489232722850e-03
3.891317871932995463e-03
3.890498639878873025e-03
3.889679792785203857e-03
3.888861330367151571e-03
3.888043252340135647e-03
3.887225558419885648e-03
3.886408248322414331e-03
3.885591321764021982e-03
3.884774778461292082e-03
3.883958618131103015e-03
3.883142840490603348e-03
3.882327445257263438e-03
3.881512432148797806e-03
3.880697800883230620e-03
3.879883551178867074e-03
3.879069682754289483e-03
3.878256195328386342e-03
3.877443088620294645e-03
3.876630362349471875e-03
3.875818016235629219e-03
3.875006049998790114e-03
3.874194463359228232e-03
3.873383256037524289e-03
3.872572427754536993e-03
3.871761978231394365e-03
3.870951907189514127e-03
3.870142214350596761e-03
3.869332899436620302e-03
3.868523962169841644e-03
3.867715402272802611e-03
3.866907219468314338e-03
3.866099413479481568e-03
3.865291984029669246e-03
3.864484930842545466e-03
3.863678253642025516e-03
3.862871952152337803e-03
3.862066026097950126e-03
3.861260475203635596e-03
3.860455299194435336e-03
3.859650497795658920e-03
3.858846070732903453e-03
3.858042017732037521e-03
3.857238338519199897e-03
3.856435032820807341e-03
3.855632100363565878e-03
3.854829540874415289e-03
3.854027354080617144e-03
3.853225539709675442e-03
3.852424097489378675e-03
3.851623027147787690e-03
3.850822328413229610e-03
3.850022001014306947e-03
3.849222044679908444e-03
3.848422459139158331e-03
3.847623244121483547e-03
3.846824399356580347e-03
3.846025924574394354e-03
3.845227819505156550e-03
3.844430083879373742e-03
3.843632717427802534e-03
3.842835719881476653e-03
3.842039090971705213e-03
3.841242830430062309e-03
3.840446937988387013e-03
3.839651413378790748e-03
3.838856256333641245e-03
3.838061466585582487e-03
3.837267043867521703e-03
3.836472987912644111e-03
3.835679298454369550e-03
3.834885975226428375e-03
3.834093017962774720e-03
3.833300426397648515e-03
3.832508200265552500e-03
3.831716339301256130e-03
3.830924843239776490e-03
3.830133711816413426e-03
3.829342944766712682e-03
3.828552541826502759e-03
3.827762502731862828e-03
3.826972827219134871e-03
3.826183515024921510e-03
3.825394565886080806e-03
3.824605979539754015e-03
3.823817755723322651e-03
3.823029894174437976e-03
3.822242394631002356e-03
3.821455256831188772e-03
3.820668480513421741e-03
3.819882065416396397e-03
3.819096011279051166e-03
3.818310317840602468e-03
3.817524984840489632e-03
3.816740012018457733e-03
3.815955399114470421e-03
3.815171145868773237e-03
3.814387252021853719e-03
3.813603717314457443e-03
3.812820541487594531e-03
3.812037724282521436e-03
3.811255265440761757e-03
3.810473164704087159e-03
3.809691421814520845e-03
3.808910036514345353e-03
3.808129008546093895e-03
3.807348337652568561e-03
3.806568023576805196e-03
3.805788066062103757e-03
3.805008464852004894e-03
3.804229219690329414e-03
3.803450330321121037e-03
3.802671796488688027e-03
3.801893617937596691e-03
3.801115794412642749e-03
3.800338325658908153e-03
3.799561211421702538e-03
3.798784451446574062e-03
3.798008045479355811e-03
3.797231993266095545e-03
3.796456294553115975e-03
3.795680949086984411e-03
3.794905956614505818e-03
3.794131316882731492e-03
3.793357029638986817e-03
3.792583094630824422e-03
3.791809511606045006e-03
3.791036280312701668e-03
3.790263400499090368e-03
3.789490871913765106e-03
3.788718694305514938e-03
3.787946867423377419e-03
3.787175391016640771e-03
3.786404264834828705e-03
3.785633488627717334e-03
3.784863062145333440e-03
3.784092985137934954e-03
3.783323257356037850e-03
3.782553878550393156e-03
3.781784848471999097e-03
3.781016166872093291e-03
3.780247833502157085e-03
3.779479848113929431e-03
3.778712210459367858e-03
3.777944920290689235e-03
3.777177977360351557e-03
3.776411381421036599e-03
3.775645132225692851e-03
3.774879229527496917e-03
3.774113673079853518e-03
3.773348462636444064e-03
3.772583597951151193e-03
3.771819078778113413e-03
3.771054904871725972e-03
3.770291075986582311e-03
3.769527591877552559e-03
3.768764452299732358e-03
3.768001657008455442e-03
3.767239205759291033e-03
3.766477098308046445e-03
3.765715334410769249e-03
3.764953913823742507e-03
3.764192836303499948e-03
3.763432101606782598e-03
3.762671709490586058e-03
3.761911659712157026e-03
3.761151952028939961e-03
3.760392586198648638e-03
3.759633561979213671e-03
3.758874879128810704e-03
3.758116537405847401e-03
3.757358536568953470e-03
3.756600876377010588e-03
3.755843556589129849e-03
3.755086576964640488e-03
3.754329937263127612e-03
3.753573637244396206e-03
3.752817676668476765e-03
3.752062055295652624e-03
3.751306772886420053e-03
3.750551829201519485e-03
3.749797224001916868e-03
3.749042957048810167e-03
3.748289028103627633e-03
3.747535436928022164e-03
3.746782183283901228e-03
3.746029266933365281e-03
3.745276687638771085e-03
3.744524445162700915e-03
3.743772539267964296e-03
3.743020969717586292e-03
3.742269736274843935e-03
3.741518838703223292e-03
3.740768276766453290e-03
3.740018050228478396e-03
3.739268158853474230e-03
3.738518602405847564e-03
3.737769380650229813e-03
3.737020493351478345e-03
3.736271940274676472e-03
3.735523721185128685e-03
3.734775835848383203e-03
3.734028284030193809e-03
3.733281065496550644e-03
3.732534180013658952e-03
3.731787627347963807e-03
3.731041407266111071e-03
3.730295519535002484e-03
3.729549963921737540e-03
3.728804740193648187e-03
3.728059848118289721e-03
3.727315287463446852e-03
3.726571057997115060e-03
3.725827159487525748e-03
3.725083591703115884e-03
3.724340354412556623e-03
3.723597447384737694e-03
3.722854870388773475e-03
3.722112623193991714e-03
3.721370705569954345e-03
3.720629117286422365e-03
3.719887858113393991e-03
3.719146927821088185e-03
3.718406326179934246e-03
3.717666052960588718e-03
3.716926107933931495e-03
3.716186490871041092e-03
3.715447201543232384e-03
3.714708239722037085e-03
3.713969605179198545e-03
3.713231297686687363e-03
3.712493317016683173e-03
3.711755662941588520e-03
3.711018335234016283e-03
3.710281333666802257e-03
3.709544658013005144e-03
3.708808308045879673e-03
3.708072283538923434e-03
3.707336584265821799e-03
3.706601210000489994e-03
3.705866160517073959e-03
3.705131435589902218e-03
3.704397034993546153e-03
3.703662958502773172e-03
3.702929205892569690e-03
3.702195776938157611e-03
3.701462671414924074e-03
3.700729889098519458e-03
3.699997429764781062e-03
3.699265293189768228e-03
3.698533479149744563e-03
3.697801987421197450e-03
3.697070817780817673e-03
3.696339970005507649e-03
3.695609443872384034e-03
3.694879239158787698e-03
3.694149355642246859e-03
3.693419793100515686e-03
3.692690551311555210e-03
3.691961630053536801e-03
3.691233029104846932e-03
3.690504748244072871e-03
3.689776787250017859e-03
3.689049145901688968e-03
3.688321823978317048e-03
3.687594821259321601e-03
3.686868137524343305e-03
3.686141772553234910e-03
3.685415726126027840e-03
3.684689998023018935e-03
3.683964588024654652e-03
3.683239495911609564e-03
3.682514721464780726e-03
3.681790264465260778e-03
3.681066124694335785e-03
3.680342301933525566e-03
3.679618795964521676e-03
3.678895606569255496e-03
3.678172733529842722e-03
3.677450176628612854e-03
3.676727935648100090e-03
3.676006010371041157e-03
3.675284400580379647e-03
3.674563106059251707e-03
3.673842126591025069e-03
3.673121461959241371e-03
3.672401111947672971e-03
3.671681076340269165e-03
3.670961354921190890e-03
3.670241947474831533e-03
3.669522853785732366e-03
3.668804073638687498e-03
3.668085606818663642e-03
3.667367453110840017e-03
3.666649612300598368e-03
3.665932084173517767e-03
3.665214868515373307e-03
3.664497965112162130e-03
3.663781373750058749e-03
3.663065094215454520e-03
3.662349126294928148e-03
3.661633469775274312e-03
3.660918124443461163e-03
3.660203090086685835e-03
3.659488366492335849e-03
3.658773953447977401e-03
3.658059850741407840e-03
3.657346058160604492e-03
3.656632575493745478e-03
3.655919402529204075e-03
3.655206539055558691e-03
3.654493984861584624e-03
3.653781739736242356e-03
3.653069803468707039e-03
3.652358175848351585e-03
3.651646856664721510e-03
3.650935845707586110e-03
3.650225142766889020e-03
3.649514747632788114e-03
3.648804660095627747e-03
3.648094879945953072e-03
3.647385406974490082e-03
3.646676240972187687e-03
3.645967381730157424e-03
3.645258829039731575e-03
3.644550582692416326e-03
3.643842642479928201e-03
3.643135008194175409e-03
3.642427679627253511e-03
3.641720656571442380e-03
3.641013938819247838e-03
3.640307526163335302e-03
3.639601418396570115e-03
3.638895615312025787e-03
3.638190116702956240e-03
3.637484922362811852e-03
3.636780032085229920e-03
3.636075445664046796e-03
3.635371162893271009e-03
3.634667183567131827e-03
3.633963507480023752e-03
3.633260134426555092e-03
3.632557064201503722e-03
3.631854296599851348e-03
3.631151831416759221e-03
3.630449668447597190e-03
3.629747807487900772e-03
3.629046248333400206e-03
3.628344990780038234e-03
3.627644034623918930e-03
3.626943379661351496e-03
3.626243025688823379e-03
3.625542972503015011e-03
3.624843219900791575e-03
3.624143767679214277e-03
3.623444615635525601e-03
3.622745763567163189e-03
3.622047211271737285e-03
3.621348958547049822e-03
3.620651005191104829e-03
3.619953351002075034e-03
3.619255995778327024e-03
3.618558939318409096e-03
3.617862181421067306e-03
3.617165721885213375e-03
3.616469560509962423e-03
3.615773697094606508e-03
3.615078131438624175e-03
3.614382863341685653e-03
3.613687892603630308e-03
3.612993219024494829e-03
3.612298842404493282e-03
3.611604762544030119e-03
3.610910979243694106e-03
3.610217492304242277e-03
3.609524301526634196e-03
3.608831406712002463e-03
3.608138807661661392e-03
3.607446504177118287e-03
3.606754496060054788e-03
3.606062783112321674e-03
3.605371365135985693e-03
3.604680241933257145e-03
3.603989413306564037e-03
3.603298879058490500e-03
3.602608638991804980e-03
3.601918692909471947e-03
3.601229040614610695e-03
3.600539681910550852e-03
3.599850616600788582e-03
3.599161844488980942e-03
3.598473365379001396e-03
3.597785179074880404e-03
3.597097285380833603e-03
3.596409684101245334e-03
3.595722375040707238e-03
3.595035358003956672e-03
3.594348632795934390e-03
3.593662199221736402e-03
3.592976057086669055e-03
3.592290206196177473e-03
3.591604646355920586e-03
3.590919377371704340e-03
3.590234399049546752e-03
3.589549711195609821e-03
3.588865313616246364e-03
3.588181206118001322e-03
3.587497388507553640e-03
3.586813860591806045e-03
3.586130622177814784e-03
3.585447673072806110e-03
3.584765013084197961e-03
3.584082642019577845e-03
3.583400559686700671e-03
3.582718765893502192e-03
3.582037260448104644e-03
3.581356043158784655e-03
3.580675113833998828e-03
3.579994472282394154e-03
3.579314118312781987e-03
3.578634051734135447e-03
3.577954272355608929e-03
3.577274779986544615e-03
3.576595574436440810e-03
3.575916655514973196e-03
3.575238023031993961e-03
3.574559676797529201e-03
3.573881616621776315e-03
3.573203842315088394e-03
3.572526353688018890e-03
3.571849150551273042e-03
3.571172232715745173e-03
3.570495599992477495e-03
3.569819252192702169e-03
3.569143189127812685e-03
3.568467410609385982e-03
3.567791916449152955e-03
3.567116706459032716e-03
3.566441780451105274e-03
3.565767138237612398e-03
3.565092779630979741e-03
3.564418704443801222e-03
3.563744912488828621e-03
3.563071403578994562e-03
3.562398177527398638e-03
3.561725234147318248e-03
3.561052573252171741e-03
3.560380194655573052e-03
3.559708098171301353e-03
3.559036283613293671e-03
3.558364750795651836e-03
3.557693499532669362e-03
3.557022529638778543e-03
3.556351840928596852e-03
3.555681433216903095e-03
3.555011306318644343e-03
3.554341460048935936e-03
3.553671894223063652e-03
3.553002608656463755e-03
3.552333603164755955e-03
3.551664877563724329e-03
3.550996431669305176e-03
3.550328265297610433e-03
3.549660378264926815e-03
3.548992770387687616e-03
3.548325441482503076e-03
3.547658391366143027e-03
3.546991619855555979e-03
3.546325126767824448e-03
3.545658911920233913e-03
3.544992975130202995e-03
3.544327316215325520e-03
3.543661934993372255e-03
3.542996831282242340e-03
3.542332004900046981e-03
3.541667455665020118e-03
3.541003183395579137e-03
3.540339187910300153e-03
3.539675469027910200e-03
3.539012026567313687e-03
3.538348860347585029e-03
3.537685970187936547e-03
3.537023355907755340e-03
3.536361017326600676e-03
3.535698954264174070e-03
3.535037166540337498e-03
3.534375653975139857e-03
3.533714416388777056e-03
3.533053453601588123e-03
3.532392765434098133e-03
3.531732351706985251e-03
3.531072212241082465e-03
3.530412346857377155e-03
3.529752755377042750e-03
3.529093437621382348e-03
3.528434393411881628e-03
3.527775622570168950e-03
3.527117124918040074e-03
3.526458900277459028e-03
3.525800948470520380e-03
3.525143269319500408e-03
3.524485862646844093e-03
3.523828728275128254e-03
3.523171866027094076e-03
3.522515275725651013e-03
3.521858957193862039e-03
3.521202910254944089e-03
3.520547134732286264e-03
3.519891630449402571e-03
3.519236397230002169e-03
3.518581434897926057e-03
3.517926743277183504e-03
3.517272322191923421e-03
3.516618171466485542e-03
3.515964290925321922e-03
3.515310680393082809e-03
3.514657339694540316e-03
3.514004268654640894e-03
3.513351467098489722e-03
3.512698934851335528e-03
3.512046671738574058e-03
3.511394677585780600e-03
3.510742952218667487e-03
3.510091495463121391e-03
3.509440307145149547e-03
3.508789387090945240e-03
3.508138735126840532e-03
3.507488351079316238e-03
3.506838234775033151e-03
3.506188386040776095e-03
3.505538804703494261e-03
3.504889490590295566e-03
3.504240443528439716e-03
