5.750464692612014019e-03
5.748487375939960627e-03
5.746511610259679749e-03
5.744537393639380721e-03
5.742564724150558443e-03
5.740593599868062773e-03
5.738624018869990968e-03
5.736655979237769223e-03
5.734689479056084144e-03
5.732724516412898361e-03
5.730761089399437520e-03
5.728799196110219774e-03
5.726838834642980318e-03
5.724880003098724301e-03
5.722922699581662644e-03
5.720966922199285758e-03
5.719012669062288091e-03
5.717059938284570729e-03
5.715108727983258738e-03
5.713159036278680353e-03
5.711210861294368710e-03
5.709264201157025417e-03
5.707319053996565660e-03
5.705375417946056613e-03
5.703433291141760814e-03
5.701492671723057230e-03
5.699553557832547079e-03
5.697615947615914181e-03
5.695679839222046389e-03
5.693745230802914163e-03
5.691812120513655565e-03
5.689880506512500803e-03
5.687950386960821669e-03
5.686021760023093376e-03
5.684094623866880677e-03
5.682168976662850014e-03
5.680244816584753900e-03
5.678322141809442197e-03
5.676400950516819616e-03
5.674481240889866530e-03
5.672563011114633777e-03
5.670646259380223569e-03
5.668730983878783429e-03
5.666817182805496643e-03
5.664904854358600479e-03
5.662993996739366237e-03
5.661084608152045471e-03
5.659176686803962797e-03
5.657270230905405740e-03
5.655365238669703663e-03
5.653461708313152305e-03
5.651559638055053680e-03
5.649659026117689192e-03
5.647759870726330039e-03
5.645862170109202521e-03
5.643965922497501050e-03
5.642071126125395956e-03
5.640177779230000528e-03
5.638285880051347593e-03
5.636395426832459775e-03
5.634506417819261023e-03
5.632618851260601765e-03
5.630732725408271917e-03
5.628848038516970527e-03
5.626964788844281487e-03
5.625082974650729047e-03
5.623202594199713626e-03
5.621323645757534369e-03
5.619446127593357050e-03
5.617570037979248768e-03
5.615695375190143251e-03
5.613822137503817443e-03
5.611950323200942670e-03
5.610079930565021328e-03
5.608210957882410301e-03
5.606343403442315756e-03
5.604477265536753246e-03
5.602612542460611023e-03
5.600749232511567643e-03
5.598887333990122325e-03
5.597026845199597547e-03
5.595167764446120837e-03
5.593310090038606554e-03
5.591453820288788852e-03
5.589598953511165300e-03
5.587745488023016828e-03
5.585893422144420743e-03
5.584042754198227307e-03
5.582193482510005959e-03
5.580345605408135526e-03
5.578499121223729623e-03
5.576654028290647068e-03
5.574810324945485805e-03
5.572968009527598521e-03
5.571127080379044069e-03
5.569287535844619566e-03
5.567449374271840438e-03
5.565612594010930017e-03
5.563777193414809995e-03
5.561943170839135989e-03
5.560110524642236825e-03
5.558279253185116273e-03
5.556449354831502485e-03
5.554620827947769936e-03
5.552793670902980185e-03
5.550967882068868001e-03
5.549143459819804933e-03
5.547320402532860024e-03
5.545498708587718283e-03
5.543678376366732719e-03
5.541859404254884450e-03
5.540041790639806986e-03
5.538225533911726381e-03
5.536410632463532357e-03
5.534597084690710649e-03
5.532784888991366425e-03
5.530974043766218214e-03
5.529164547418577956e-03
5.527356398354359678e-03
5.525549594982064744e-03
5.523744135712779259e-03
5.521940018960178401e-03
5.520137243140515147e-03
5.518335806672587315e-03
5.516535707977794807e-03
5.514736945480065017e-03
5.512939517605890127e-03
5.511143422784332314e-03
5.509348659446954358e-03
5.507555226027894234e-03
5.505763120963809605e-03
5.503972342693874351e-03
5.502182889659822801e-03
5.500394760305853462e-03
5.498607953078729627e-03
5.496822466427683102e-03
5.495038298804452367e-03
5.493255448663299928e-03
5.491473914460958533e-03
5.489693694656642454e-03
5.487914787712065701e-03
5.486137192091399516e-03
5.484360906261301870e-03
5.482585928690890571e-03
5.480812257851746735e-03
5.479039892217895703e-03
5.477268830265840868e-03
5.475499070474502093e-03
5.473730611325252141e-03
5.471963451301907130e-03
5.470197588890705724e-03
5.468433022580314329e-03
5.466669750861820158e-03
5.464907772228730365e-03
5.463147085176958163e-03
5.461387688204823697e-03
5.459629579813053170e-03
5.457872758504777114e-03
5.456117222785475743e-03
5.454362971163076099e-03
5.452610002147851437e-03
5.450858314252454186e-03
5.449107905991924621e-03
5.447358775883641424e-03
5.445610922447384136e-03
5.443864344205262898e-03
5.442119039681734063e-03
5.440375007403639232e-03
5.438632245900129787e-03
5.436890753702711132e-03
5.435150529345210597e-03
5.433411571363793921e-03
5.431673878296954840e-03
5.429937448685502079e-03
5.428202281072555015e-03
5.426468374003554085e-03
5.424735726026225224e-03
5.423004335690631908e-03
5.421274201549089282e-03
5.419545322156247430e-03
5.417817696069006372e-03
5.416091321846575046e-03
5.414366198050427938e-03
5.412642323244318092e-03
5.410919695994258899e-03
5.409198314868545777e-03
5.407478178437703266e-03
5.405759285274552677e-03
5.404041633954127961e-03
5.402325223053732091e-03
5.400610051152896288e-03
5.398896116833407782e-03
5.397183418679255169e-03
5.395471955276686521e-03
5.393761725214153875e-03
5.392052727082335788e-03
5.390344959474134730e-03
5.388638420984631985e-03
5.386933110211153571e-03
5.385229025753208651e-03
5.383526166212500817e-03
5.381824530192927218e-03
5.380124116300582897e-03
5.378424923143731301e-03
5.376726949332837242e-03
5.375030193480510518e-03
5.373334654201559688e-03
5.371640330112945234e-03
5.369947219833802986e-03
5.368255321985398142e-03
5.366564635191186858e-03
5.364875158076749459e-03
5.363186889269812990e-03
5.361499827400264227e-03
5.359813971100093298e-03
5.358129319003457867e-03
5.356445869746618953e-03
5.354763621967983424e-03
5.353082574308047625e-03
5.351402725409444214e-03
5.349724073916918739e-03
5.348046618477314898e-03
5.346370357739583211e-03
5.344695290354768875e-03
5.343021414976017840e-03
5.341348730258558587e-03
5.339677234859721219e-03
5.338006927438892352e-03
5.336337806657555013e-03
5.334669871179273035e-03
5.333003119669661556e-03
5.331337550796406977e-03
5.329673163229257417e-03
5.328009955640033990e-03
5.326347926702588303e-03
5.324687075092830214e-03
5.323027399488717420e-03
5.321368898570245053e-03
5.319711571019456083e-03
5.318055415520412700e-03
5.316400430759210191e-03
5.314746615423971733e-03
5.313093968204853600e-03
5.311442487793995720e-03
5.309792172885596274e-03
5.308143022175819750e-03
5.306495034362870671e-03
5.304848208146934613e-03
5.303202542230205097e-03
5.301558035316854961e-03
5.299914686113066722e-03
5.298272493326998747e-03
5.296631455668799997e-03
5.294991571850564058e-03
5.293352840586417613e-03
5.291715260592405948e-03
5.290078830586557139e-03
5.288443549288876847e-03
5.286809415421311886e-03
5.285176427707764975e-03
5.283544584874113811e-03
5.281913885648133883e-03
5.280284328759606884e-03
5.278655912940202755e-03
5.277028636923564685e-03
5.275402499445240589e-03
5.273777499242723009e-03
5.272153635055417016e-03
5.270530905624659299e-03
5.268909309693713822e-03
5.267288846007731930e-03
5.265669513313788776e-03
5.264051310360868575e-03
5.262434235899866343e-03
5.260818288683548859e-03
5.259203467466598038e-03
5.257589771005585777e-03
5.255977198058966147e-03
5.254365747387091008e-03
5.252755417752171842e-03
5.251146207918316183e-03
5.249538116651489457e-03
5.247931142719538394e-03
5.246325284892165881e-03
5.244720541940948305e-03
5.243116912639313003e-03
5.241514395762551272e-03
5.239912990087790615e-03
5.238312694394028565e-03
5.236713507462078046e-03
5.235115428074619409e-03
5.233518455016167477e-03
5.231922587073052459e-03
5.230327823033449446e-03
5.228734161687369729e-03
5.227141601826626113e-03
5.225550142244854597e-03
5.223959781737531720e-03
5.222370519101914715e-03
5.220782353137098757e-03
5.219195282643958843e-03
5.217609306425200107e-03
5.216024423285301435e-03
5.214440632030551900e-03
5.212857931469015195e-03
5.211276320410579942e-03
5.209695797666887701e-03
5.208116362051374605e-03
5.206538012379241000e-03
5.204960747467486139e-03
5.203384566134870021e-03
5.201809467201907317e-03
5.200235449490902065e-03
5.198662511825906038e-03
5.197090653032726548e-03
5.195519871938931653e-03
5.193950167373844080e-03
5.192381538168520418e-03
5.190813983155795341e-03
5.189247501170196619e-03
5.187682091048027508e-03
5.186117751627312110e-03
5.184554481747802313e-03
5.182992280251006410e-03
5.181431145980122319e-03
5.179871077780063594e-03
5.178312074497517549e-03
5.176754134980829022e-03
5.175197258080086252e-03
5.173641442647076635e-03
5.172086687535288468e-03
5.170532991599924820e-03
5.168980353697874910e-03
5.167428772687732326e-03
5.165878247429781141e-03
5.164328776786000254e-03
5.162780359620043440e-03
5.161232994797250624e-03
5.159686681184647884e-03
5.158141417650934438e-03
5.156597203066487847e-03
5.155054036303342337e-03
5.153511916235221750e-03
5.151970841737485776e-03
5.150430811687178520e-03
5.148891824962997278e-03
5.147353880445289936e-03
5.145816977016048031e-03
5.144281113558933638e-03
5.142746288959228196e-03
5.141212502103881948e-03
5.139679751881452360e-03
5.138148037182174374e-03
5.136617356897880612e-03
5.135087709922048216e-03
5.133559095149782363e-03
5.132031511477803259e-03
5.130504957804466956e-03
5.128979433029732388e-03
5.127454936055182190e-03
5.125931465784011425e-03
5.124409021121019772e-03
5.122887600972614135e-03
5.121367204246798227e-03
5.119847829853193394e-03
5.118329476702996976e-03
5.116812143709006597e-03
5.115295829785626233e-03
5.113780533848825451e-03
5.112266254816168025e-03
5.110752991606801535e-03
5.109240743141455626e-03
5.107729508342433340e-03
5.106219286133596366e-03
5.104710075440392798e-03
5.103201875189849329e-03
5.101694684310527882e-03
5.100188501732575916e-03
5.098683326387677857e-03
5.097179157209100198e-03
5.095675993131642059e-03
5.094173833091649936e-03
5.092672676027044584e-03
5.091172520877254234e-03
5.089673366583282246e-03
5.088175212087649862e-03
5.086678056334414423e-03
5.085181898269165029e-03
5.083686736839053769e-03
5.082192570992696834e-03
5.080699399680306365e-03
5.079207221853556872e-03
5.077716036465675445e-03
5.076225842471378431e-03
5.074736638826926952e-03
5.073248424490080059e-03
5.071761198420094742e-03
5.070274959577730257e-03
5.068789706925275890e-03
5.067305439426482427e-03
5.065822156046631553e-03
5.064339855752463850e-03
5.062858537512256868e-03
5.061378200295725376e-03
5.059898843074107228e-03
5.058420464820105253e-03
5.056943064507906337e-03
5.055466641113168409e-03
5.053991193613036059e-03
5.052516720986126655e-03
5.051043222212509530e-03
5.049570696273742408e-03
5.048099142152821968e-03
5.046628558834231545e-03
5.045158945303887359e-03
5.043690300549187079e-03
5.042222623558969066e-03
5.040755913323513235e-03
5.039290168834564473e-03
5.037825389085309226e-03
5.036361573070353807e-03
5.034898719785792058e-03
5.033436828229091720e-03
5.031975897399213263e-03
5.030515926296524019e-03
5.029056913922808590e-03
5.027598859281300937e-03
5.026141761376650557e-03
5.024685619214916410e-03
5.023230431803609418e-03
5.021776198151619609e-03
5.020322917269266425e-03
5.018870588168288308e-03
5.017419209861821022e-03
5.015968781364417602e-03
5.014519301692018857e-03
5.013070769861975064e-03
5.011623184893042489e-03
5.010176545805361710e-03
5.008730851620472359e-03
5.007286101361307917e-03
5.005842294052183575e-03
5.004399428718799697e-03
5.002957504388249634e-03
5.001516520088998032e-03
5.000076474850897318e-03
4.998637367705161677e-03
4.997199197684393940e-03
4.995761963822554358e-03
4.994325665154988360e-03
4.992890300718394458e-03
4.991455869550828588e-03
4.990022370691727521e-03
4.988589803181868107e-03
4.987158166063395889e-03
4.985727458379802558e-03
4.984297679175931153e-03
4.982868827497992543e-03
4.981440902393517722e-03
4.980013902911381227e-03
4.978587828101820219e-03
4.977162677016404996e-03
4.975738448708026847e-03
4.974315142230937084e-03
4.972892756640688063e-03
4.971471290994189558e-03
4.970050744349670604e-03
4.968631115766665614e-03
4.967212404306071624e-03
4.965794609030056359e-03
4.964377729002144093e-03
4.962961763287156679e-03
4.961546710951244762e-03
4.960132571061839218e-03
4.958719342687714464e-03
4.957307024898928612e-03
4.955895616766849490e-03
4.954485117364143369e-03
4.953075525764781030e-03
4.951666841044029092e-03
4.950259062278448280e-03
4.948852188545880409e-03
4.947446218925470943e-03
4.946041152497649036e-03
4.944636988344131880e-03
4.943233725547908214e-03
4.941831363193260017e-03
4.940429900365739951e-03
4.939029336152180906e-03
4.937629669640686454e-03
4.936230899920638661e-03
4.934833026082669459e-03
4.933436047218702283e-03
4.932039962421912171e-03
4.930644770786738774e-03
4.929250471408883755e-03
4.927857063385300378e-03
4.926464545814209124e-03
4.925072917795069068e-03
4.923682178428603028e-03
4.922292326816786294e-03
4.920903362062817137e-03
4.919515283271165378e-03
4.918128089547540299e-03
4.916741779998867225e-03
4.915356353733336091e-03
4.913971809860367621e-03
4.912588147490599445e-03
4.911205365735915596e-03
4.909823463709443031e-03
4.908442440525493528e-03
4.907062295299647811e-03
4.905683027148695710e-03
4.904304635190622277e-03
4.902927118544676312e-03
4.901550476331299235e-03
4.900174707672126824e-03
4.898799811690042125e-03
4.897425787509119069e-03
4.896052634254650232e-03
4.894680351053117343e-03
4.893308937032219905e-03
4.891938391320863055e-03
4.890568713049130677e-03
4.889199901348326160e-03
4.887831955350938583e-03
4.886464874190647907e-03
4.885098657002321515e-03
4.883733302922035890e-03
4.882368811087024578e-03
4.881005180635738898e-03
4.879642410707776823e-03
4.878280500443948897e-03
4.876919448986238338e-03
4.875559255477781087e-03
4.874199919062909177e-03
4.872841438887124711e-03
4.871483814097097263e-03
4.870127043840667344e-03
4.868771127266829923e-03
4.867416063525776930e-03
4.866061851768819189e-03
4.864708491148441935e-03
4.863355980818323890e-03
4.862004319933246194e-03
4.860653507649174802e-03
4.859303543123226661e-03
4.857954425513663632e-03
4.856606153979881220e-03
4.855258727682464082e-03
4.853912145783089750e-03
4.852566407444618840e-03
4.851221511831016985e-03
4.849877458107418153e-03
4.848534245440073477e-03
4.847191872996374669e-03
4.845850339944850552e-03
4.844509645455158386e-03
4.843169788698081270e-03
4.841830768845515991e-03
4.840492585070516399e-03
4.839155236547223148e-03
4.837818722450914870e-03
4.836483041957995166e-03
4.835148194245976125e-03
4.833814178493478324e-03
4.832480993880244706e-03
4.831148639587131040e-03
4.829817114796098113e-03
4.828486418690204791e-03
4.827156550453629708e-03
4.825827509271646103e-03
4.824499294330644381e-03
4.823171904818085269e-03
4.821845339922544056e-03
4.820519598833694110e-03
4.819194680742312081e-03
4.817870584840231937e-03
4.816547310320420418e-03
4.815224856376897240e-03
4.813903222204796682e-03
4.812582407000308600e-03
4.811262409960731339e-03
4.809943230284434434e-03
4.808624867170862953e-03
4.807307319820540090e-03
4.805990587435062834e-03
4.804674669217111511e-03
4.803359564370428963e-03
4.802045272099824888e-03
4.800731791611187113e-03
4.799419122111465118e-03
4.798107262808666562e-03
4.796796212911874635e-03
4.795485971631211625e-03
4.794176538177882287e-03
4.792867911764139149e-03
4.791560091603273841e-03
4.790253076909667396e-03
4.788946866898724335e-03
4.787641460786895217e-03
4.786336857791701795e-03
4.785033057131689305e-03
4.783730058026471575e-03
4.782427859696672910e-03
4.781126461363989673e-03
4.779825862251145183e-03
4.778526061581896654e-03
4.777227058581031728e-03
4.775928852474388420e-03
4.774631442488829099e-03
4.773334827852238754e-03
4.772039007793534536e-03
4.770743981542675295e-03
4.769449748330619084e-03
4.768156307389373461e-03
4.766863657951952125e-03
4.765571799252385325e-03
4.764280730525734600e-03
4.762990451008071967e-03
4.761700959936471245e-03
4.760412256549037546e-03
4.759124340084896002e-03
4.757837209784148390e-03
4.756550864887931253e-03
4.755265304638366455e-03
4.753980528278595880e-03
4.752696535052774486e-03
4.751413324206020874e-03
4.750130894984503152e-03
4.748849246635328779e-03
4.747568378406659059e-03
4.746288289547613733e-03
4.745008979308310004e-03
4.743730446939872954e-03
4.742452691694380891e-03
4.741175712824948624e-03
4.739899509585639853e-03
4.738624081231511409e-03
4.737349427018610649e-03
4.736075546203961581e-03
4.734802438045569196e-03
4.733530101802407332e-03
4.732258536734438616e-03
4.730987742102595386e-03
4.729717717168765816e-03
4.728448461195842480e-03
4.727179973447666848e-03
4.725912253189040561e-03
4.724645299685758387e-03
4.723379112204553580e-03
4.722113690013135176e-03
4.720849032380167176e-03
4.719585138575277221e-03
4.718322007869064395e-03
4.717059639533051525e-03
4.715798032839755433e-03
4.714537187062614945e-03
4.713277101476040336e-03
4.712017775355373424e-03
4.710759207976923137e-03
4.709501398617938622e-03
4.708244346556617055e-03
4.706988051072092359e-03
4.705732511444449089e-03
4.704477726954705945e-03
4.703223696884827054e-03
4.701970420517700283e-03
4.700717897137178004e-03
4.699466126028011177e-03
4.698215106475910063e-03
4.696964837767513869e-03
4.695715319190372529e-03
4.694466550032998751e-03
4.693218529584789953e-03
4.691971257136093310e-03
4.690724731978189281e-03
4.689478953403256913e-03
4.688233920704415469e-03
4.686989633175684539e-03
4.685746090112015254e-03
4.684503290809268611e-03
4.683261234564225009e-03
4.682019920674584251e-03
4.680779348438931717e-03
4.679539517156799944e-03
4.678300426128594036e-03
4.677062074655641971e-03
4.675824462040191129e-03
4.674587587585370130e-03
4.673351450595223527e-03
4.672116050374684054e-03
4.670881386229610785e-03
4.669647457466724952e-03
4.668414263393672395e-03
4.667181803318980193e-03
4.665950076552076616e-03
4.664719082403278108e-03
4.663488820183781490e-03
4.662259289205707320e-03
4.661030488782020101e-03
4.659802418226597666e-03
4.658575076854196487e-03
4.657348463980462948e-03
4.656122578921902989e-03
4.654897420995934149e-03
4.653672989520835253e-03
4.652449283815751624e-03
4.651226303200735844e-03
4.650004046996682704e-03
4.648782514525385580e-03
4.647561705109502610e-03
4.646341618072550618e-03
4.645122252738928537e-03
4.643903608433900057e-03
4.642685684483588426e-03
4.641468480214996396e-03
4.640251994955972396e-03
4.639036228035239157e-03
4.637821178782372891e-03
4.636606846527815441e-03
4.635393230602865601e-03
4.634180330339669578e-03
4.632968145071243542e-03
4.631756674131441535e-03
4.630545916854978024e-03
4.629335872577418354e-03
4.628126540635183091e-03
4.626917920365523733e-03
4.625710011106551334e-03
4.624502812197226961e-03
4.623296322977332208e-03
4.622090542787526436e-03
4.620885470969273920e-03
4.619681106864909764e-03
4.618477449817587864e-03
4.617274499171304322e-03
4.616072254270886174e-03
4.614870714462011338e-03
4.613669879091173917e-03
4.612469747505708491e-03
4.611270319053761488e-03
4.610071593084343229e-03
4.608873568947262009e-03
4.607676245993166594e-03
4.606479623573518471e-03
4.605283701040615262e-03
4.604088477747582918e-03
4.602893953048341896e-03
4.601700126297646187e-03
4.600506996851085051e-03
4.599314564065038781e-03
4.598122827296716869e-03
4.596931785904142392e-03
4.595741439246147676e-03
4.594551786682377764e-03
4.593362827573288683e-03
4.592174561280143105e-03
4.590986987165012086e-03
4.589800104590795876e-03
4.588613912921154538e-03
4.587428411520579931e-03
4.586243599754371431e-03
4.585059476988619445e-03
4.583876042590218428e-03
4.582693295926859069e-03
4.581511236367017889e-03
4.580329863279995403e-03
4.579149176035867547e-03
4.577969174005496952e-03
4.576789856560559838e-03
4.575611223073514783e-03
4.574433272917600990e-03
4.573256005466862575e-03
4.572079420096110403e-03
4.570903516180954175e-03
4.569728293097796365e-03
4.568553750223807060e-03
4.567379886936941309e-03
4.566206702615946932e-03
4.565034196640340228e-03
4.563862368390416389e-03
4.562691217247252969e-03
4.561520742592704673e-03
4.560350943809393827e-03
4.559181820280720776e-03
4.558013371390855217e-03
4.556845596524740534e-03
4.555678495068089459e-03
4.554512066407385810e-03
4.553346309929873215e-03
4.552181225023579393e-03
4.551016811077265856e-03
4.549853067480492952e-03
4.548689993623554820e-03
4.547527588897517549e-03
4.546365852694218314e-03
4.545204784406241087e-03
4.544044383426926181e-03
4.542884649150373717e-03
4.541725580971442758e-03
4.540567178285743501e-03
4.539409440489632942e-03
4.538252366980237429e-03
4.537095957155398880e-03
4.535940210413753719e-03
4.534785126154654809e-03
4.533630703778214824e-03
4.532476942685286295e-03
4.531323842277464216e-03
4.530171401957093849e-03
4.529019621127268989e-03
4.527868499191806811e-03
4.526718035555273023e-03
4.525568229622968855e-03
4.524419080800951010e-03
4.523270588495983957e-03
4.522122752115583302e-03
4.520975571068007112e-03
4.519829044762218619e-03
4.518683172607944332e-03
4.517537954015616794e-03
4.516393388396417082e-03
4.515249475162239241e-03
4.514106213725713711e-03
4.512963603500194307e-03
4.511821643899759093e-03
4.510680334339211249e-03
4.509539674234068658e-03
4.508399663000586463e-03
4.507260300055724103e-03
4.506121584817175674e-03
4.504983516703333496e-03
4.503846095133322812e-03
4.502709319526977498e-03
4.501573189304855678e-03
4.500437703888217171e-03
4.499302862699032166e-03
4.498168665160000301e-03
4.497035110694510771e-03
4.495902198726673543e-03
4.494769928681304622e-03
4.493638299983923438e-03
4.492507312060770204e-03
4.491376964338750395e-03
4.490247256245524093e-03
4.489118187209416647e-03
4.487989756659480252e-03
4.486861964025442781e-03
4.485734808737746812e-03
4.484608290227527945e-03
4.483482407926627812e-03
4.482357161267561986e-03
4.481232549683572021e-03
4.480108572608561268e-03
4.478985229477148652e-03
4.477862519724637447e-03
4.476740442787014405e-03
4.475618998100975784e-03
4.474498185103869229e-03
4.473378003233770099e-03
4.472258451929418156e-03
4.471139530630240978e-03
4.470021238776349624e-03
4.468903575808549911e-03
4.467786541168309450e-03
4.466670134297794081e-03
4.465554354639835778e-03
4.464439201637961270e-03
4.463324674736356482e-03
4.462210773379895155e-03
4.461097497014131913e-03
4.459984845085282305e-03
4.458872817040247100e-03
4.457761412326585390e-03
4.456650630392542355e-03
4.455540470687031039e-03
4.454430932659621950e-03
4.453322015760563871e-03
4.452213719440787330e-03
4.451106043151848227e-03
4.449998986346014561e-03
4.448892548476177967e-03
4.447786728995922235e-03
4.446681527359485145e-03
4.445576943021759334e-03
4.444472975438299236e-03
4.443369624065333229e-03
4.442266888359716788e-03
4.441164767778994077e-03
4.440063261781351106e-03
4.438962369825616601e-03
4.437862091371307972e-03
4.436762425878554988e-03
4.435663372808177837e-03
4.434564931621604728e-03
4.433467101780961227e-03
4.432369882748981790e-03
4.431273273989074814e-03
4.430177274965282734e-03
4.429081885142301979e-03
4.427987103985459548e-03
4.426892930960751177e-03
4.425799365534789295e-03
4.424706407174839456e-03
4.423614055348816000e-03
4.422522309525264705e-03
4.421431169173374934e-03
4.420340633762964884e-03
4.419250702764498939e-03
4.418161375649078126e-03
4.417072651888431442e-03
4.415984530954927996e-03
4.414897012321569204e-03
4.413810095461993994e-03
4.412723779850450181e-03
4.411638064961849980e-03
4.410552950271705817e-03
4.409468435256177175e-03
4.408384519392039361e-03
4.407301202156706926e-03
4.406218483028203313e-03
4.405136361485184268e-03
4.404054837006947387e-03
4.402973909073374867e-03
4.401893577164997691e-03
4.400813840762974813e-03
4.399734699349051523e-03
4.398656152405629703e-03
4.397578199415699308e-03
4.396500839862886069e-03
4.395424073231421133e-03
4.394347899006174028e-03
4.393272316672583271e-03
4.392197325716742234e-03
4.391122925625346243e-03
4.390049115885678692e-03
4.388975895985670027e-03
4.387903265413836164e-03
4.386831223659313182e-03
4.385759770211839111e-03
4.384688904561747855e-03
4.383618626200003893e-03
4.382548934618169315e-03
4.381479829308383873e-03
4.380411309763430905e-03
4.379343375476670540e-03
4.378276025942060522e-03
4.377209260654190900e-03
4.376143079108205103e-03
4.375077480799889271e-03
4.374012465225587259e-03
4.372948031882283905e-03
4.371884180267512215e-03
4.370820909879436639e-03
4.369758220216802755e-03
4.368696110778954624e-03
4.367634581065803559e-03
4.366573630577894050e-03
4.365513258816332634e-03
4.364453465282817392e-03
4.363394249479640545e-03
4.362335610909689326e-03
4.361277549076418222e-03
4.360220063483894945e-03
4.359163153636746654e-03
4.358106819040199857e-03
4.357051059200056989e-03
4.355995873622717229e-03
4.354941261815136605e-03
4.353887223284870489e-03
4.352833757540062326e-03
4.351780864089397662e-03
4.350728542442192613e-03
4.349676792108291522e-03
4.348625612598142412e-03
4.347575003422772706e-03
4.346524964093764071e-03
4.345475494123287111e-03
4.344426593024085757e-03
4.343378260309459921e-03
4.342330495493307990e-03
4.341283298090069590e-03
4.340236667614788026e-03
4.339190603583028757e-03
4.338145105510976540e-03
4.337100172915348689e-03
4.336055805313430642e-03
4.335012002223100243e-03
4.333968763162766163e-03
4.332926087651423411e-03
4.331883975208610828e-03
4.330842425354455329e-03
4.329801437609625929e-03
4.328761011495345888e-03
4.327721146533427404e-03
4.326681842246207430e-03
4.325643098156598844e-03
4.324604913788079180e-03
4.323567288664655929e-03
4.322530222310922050e-03
4.321493714252003064e-03
4.320457764013580469e-03
4.319422371121913427e-03
4.318387535103774579e-03
4.317353255486518562e-03
4.316319531798030844e-03
4.315286363566762408e-03
4.314253750321697667e-03
4.313221691592388288e-03
4.312190186908910691e-03
4.311159235801900746e-03
4.310128837802546832e-03
4.309098992442561213e-03
4.308069699254226878e-03
4.307040957770333356e-03
4.306012767524263450e-03
4.304985128049883085e-03
4.303958038881651460e-03
4.302931499554529110e-03
4.301905509604041222e-03
4.300880068566235136e-03
4.299855175977707229e-03
4.298830831375581238e-03
4.297807034297528202e-03
4.296783784281736109e-03
4.295761080866949792e-03
4.294738923592430167e-03
4.293717311997975045e-03
4.292696245623925204e-03
4.291675724011140974e-03
4.290655746701016113e-03
4.289636313235468262e-03
4.288617423156953698e-03
4.287599076008466459e-03
4.286581271333493245e-03
4.285564008676079339e-03
4.284547287580780899e-03
4.283531107592695314e-03
4.282515468257418710e-03
4.281500369121091915e-03
4.280485809730379641e-03
4.279471789632438398e-03
4.278458308374978938e-03
4.277445365506228961e-03
4.276432960574916634e-03
4.275421093130307021e-03
4.274409762722176931e-03
4.273398968900815782e-03
4.272388711217037748e-03
4.271378989222167875e-03
4.270369802468050764e-03
4.269361150507039286e-03
4.268353032892002394e-03
4.267345449176331192e-03
4.266338398913912915e-03
4.265331881659157817e-03
4.264325896966980958e-03
4.263320444392804803e-03
4.262315523492574837e-03
4.261311133822728338e-03
4.260307274940216063e-03
4.259303946402510921e-03
4.258301147767562869e-03
4.257298878593849221e-03
4.256297138440348626e-03
4.255295926866526322e-03
4.254295243432381843e-03
4.253295087698391770e-03
4.252295459225544430e-03
4.251296357575332953e-03
4.250297782309743130e-03
4.249299732991253416e-03
4.248302209182860945e-03
4.247305210448053779e-03
4.246308736350814378e-03
4.245312786455602248e-03
4.244317360327420734e-03
4.243322457531723338e-03
4.242328077634478778e-03
4.241334220202147565e-03
4.240340884801681136e-03
4.239348071000522723e-03
4.238355778366610822e-03
4.237364006468373988e-03
4.236372754874721293e-03
4.235382023155067482e-03
4.234391810879309555e-03
4.233402117617832833e-03
4.232412942941497953e-03
4.231424286421674695e-03
4.230436147630208150e-03
4.229448526139414390e-03
4.228461421522119491e-03
4.227474833351617042e-03
4.226488761201692423e-03
4.225503204646607197e-03
4.224518163261112118e-03
4.223533636620421979e-03
4.222549624300251173e-03
4.221566125876786806e-03
4.220583140926709512e-03
4.219600669027144015e-03
4.218618709755722444e-03
4.217637262690533163e-03
4.216656327410166737e-03
4.215675903493668226e-03
4.214695990520562346e-03
4.213716588070859533e-03
4.212737695725016912e-03
4.211759313063999019e-03
4.210781439669219681e-03
4.209804075122557630e-03
4.208827219006391201e-03
4.207850870903549756e-03
4.206875030397325826e-03
4.205899697071503740e-03
4.204924870510311913e-03
4.203950550298456677e-03
4.202976736021118813e-03
4.202003427263928392e-03
4.201030623612996874e-03
4.200058324654890214e-03
4.199086529976647948e-03
4.198115239165765844e-03
4.197144451810195034e-03
4.196174167498372375e-03
4.195204385819172738e-03
4.194235106361938505e-03
4.193266328716482166e-03
4.192298052473068977e-03
4.191330277222416086e-03
4.190363002555711619e-03
4.189396228064592997e-03
4.188429953341151271e-03
4.187464177977951937e-03
4.186498901567988103e-03
4.185534123704729922e-03
4.184569843982098580e-03
4.183606061994462819e-03
4.182642777336651949e-03
4.181679989603936769e-03
4.180717698392042575e-03
4.179755903297159569e-03
4.178794603915904696e-03
4.177833799845375416e-03
4.176873490683096803e-03
4.175913676027029342e-03
4.174954355475622714e-03
4.173995528627735124e-03
4.173037195082695758e-03
4.172079354440261408e-03
4.171122006300645967e-03
4.170165150264510887e-03
4.169208785932952167e-03
4.168252912907522041e-03
4.167297530790196880e-03
4.166342639183406686e-03
4.165388237690029020e-03
4.164434325913372523e-03
4.163480903457181248e-03
4.162527969925658954e-03
4.161575524923430067e-03
4.160623568055562237e-03
4.159672098927574141e-03
4.158721117145401658e-03
4.157770622315423888e-03
4.156820614044462285e-03
4.155871091939772853e-03
4.154922055609038337e-03
4.153973504660376896e-03
4.153025438702355118e-03
4.152077857343955056e-03
4.151130760194595044e-03
4.150184146864138376e-03
4.149238016962852535e-03
4.148292370101467307e-03
4.147347205891119271e-03
4.146402523943389963e-03
4.145458323870267713e-03
4.144514605284194478e-03
4.143571367798020745e-03
4.142628611025041090e-03
4.141686334578959482e-03
4.140744538073916174e-03
4.139803221124475560e-03
4.138862383345625305e-03
4.137922024352766806e-03
4.136982143761744682e-03
4.136042741188804273e-03
4.135103816250637609e-03
4.134165368564337445e-03
4.133227397747434549e-03
4.132289903417857811e-03
4.131352885193978475e-03
4.130416342694575443e-03
4.129480275538846556e-03
4.128544683346421600e-03
4.127609565737312865e-03
4.126674922331991478e-03
4.125740752751319747e-03
4.124807056616584117e-03
4.123873833549477827e-03
4.122941083172127798e-03
4.122008805107044323e-03
4.121076998977182652e-03
4.120145664405896156e-03
4.119214801016943261e-03
4.118284408434511740e-03
4.117354486283184879e-03
4.116425034187959700e-03
4.115496051774257362e-03
4.114567538667876327e-03
4.113639494495069555e-03
4.112711918882465574e-03
4.111784811457096234e-03
4.110858171846430535e-03
4.109931999678310445e-03
4.109006294581003804e-03
4.108081056183186114e-03
4.107156284113930994e-03
4.106231978002706715e-03
4.105308137479403083e-03
4.104384762174312362e-03
4.103461851718107588e-03
4.102539405741881598e-03
4.101617423877136626e-03
4.100695905755755676e-03
4.099774851010031147e-03
4.098854259272663968e-03
4.097934130176737570e-03
4.097014463355749987e-03
4.096095258443581758e-03
4.095176515074521080e-03
4.094258232883261212e-03
4.093340411504877048e-03
4.092423050574834666e-03
4.091506149729013005e-03
4.090589708603689992e-03
4.089673726835509580e-03
4.088758204061533792e-03
4.087843139919205421e-03
4.086928534046377522e-03
4.086014386081268310e-03
4.085100695662511466e-03
4.084187462429115373e-03
4.083274686020494336e-03
4.082362366076444302e-03
4.081450502237145457e-03
4.080539094143172639e-03
4.079628141435491864e-03
4.078717643755447320e-03
4.077807600744789117e-03
4.076898012045636864e-03
4.075988877300499615e-03
4.075080196152272398e-03
4.074171968244244893e-03
4.073264193220078010e-03
4.072356870723827307e-03
4.071450000399923046e-03
4.070543581893187532e-03
4.069637614848819508e-03
4.068732098912401091e-03
4.067827033729895167e-03
4.066922418947652336e-03
4.066018254212390090e-03
4.065114539171223174e-03
4.064211273471630623e-03
4.063308456761480052e-03
4.062406088689012908e-03
4.061504168902844471e-03
4.060602697051975130e-03
4.059701672785785177e-03
4.058801095754018332e-03
4.057900965606808623e-03
4.057001281994650904e-03
4.056102044568425137e-03
4.055203252979386851e-03
4.054304906879147193e-03
4.053407005919717164e-03
4.052509549753472926e-03
4.051612538033144521e-03
4.050715970411850574e-03
4.049819846543079201e-03
4.048924166080687150e-03
4.048028928678907602e-03
4.047134133992323288e-03
4.046239781675912452e-03
4.045345871385012428e-03
4.044452402775317902e-03
4.043559375502899997e-03
4.042666789224202799e-03
4.041774643596025146e-03
4.040882938275547516e-03
4.039991672920287789e-03
4.039100847188174977e-03
4.038210460737457277e-03
4.037320513226769735e-03
4.036431004315105611e-03
4.035541933661827667e-03
4.034653300926649075e-03
4.033765105769664648e-03
4.032877347851313542e-03
4.031990026832395733e-03
4.031103142374086769e-03
4.030216694137914342e-03
4.029330681785760898e-03
4.028445104979872307e-03
4.027559963382857863e-03
4.026675256657685081e-03
4.025790984467659747e-03
4.024907146476478827e-03
4.024023742348164547e-03
4.023140771747122507e-03
4.022258234338092243e-03
4.021376129786177582e-03
4.020494457756833631e-03
4.019613217915884128e-03
4.018732409929492815e-03
4.017852033464178185e-03
4.016972088186817821e-03
4.016092573764628443e-03
4.015213489865204939e-03
4.014334836156461389e-03
4.013456612306693511e-03
4.012578817984521415e-03
4.011701452858939046e-03
4.010824516599267343e-03
4.009948008875198477e-03
4.009071929356752481e-03
4.008196277714316282e-03
4.007321053618615077e-03
4.006446256740713203e-03
4.005571886752051433e-03
4.004697943324379318e-03
4.003824426129822846e-03
4.002951334840831529e-03
4.002078669130212235e-03
4.001206428671118774e-03
4.000334613137033687e-03
3.999463222201801206e-03
3.998592255539607301e-03
3.997721712824968410e-03
3.996851593732747045e-03
3.995981897938151797e-03
3.995112625116732999e-03
3.994243774944381854e-03
3.993375347097321768e-03
3.992507341252125690e-03
3.991639757085704843e-03
3.990772594275310454e-03
3.989905852498525085e-03
3.989039531433274770e-03
3.988173630757822948e-03
3.987308150150771328e-03
3.986443089291059026e-03
3.985578447857949548e-03
3.984714225531081969e-03
3.983850421990368582e-03
3.982987036916101585e-03
3.982124069988901907e-03
3.981261520889714002e-03
3.980399389299821462e-03
3.979537674900847886e-03
3.978676377374733460e-03
3.977815496403760108e-03
3.976955031670549763e-03
3.976094982858037474e-03
3.975235349649507838e-03
3.974376131728568975e-03
3.973517328779155137e-03
3.972658940485531906e-03
3.971800966532290991e-03
3.970943406604368446e-03
3.970086260387013441e-03
3.969229527565804744e-03
3.968373207826656791e-03
3.967517300855808414e-03
3.966661806339812427e-03
3.965806723965568589e-03
3.964952053420290647e-03
3.964097794391516737e-03
3.963243946567113728e-03
3.962390509635268544e-03
3.961537483284508117e-03
3.960684867203655146e-03
3.959832661081882747e-03
3.958980864608675418e-03
3.958129477473822100e-03
3.957278499367482098e-03
3.956427929980084468e-03
3.955577769002400004e-03
3.954728016125536906e-03
3.953878671040897408e-03
3.953029733440210740e-03
3.952181203015532260e-03
3.951333079459240852e-03
3.950485362464022446e-03
3.949638051722876957e-03
3.948791146929130427e-03
3.947944647776441968e-03
3.947098553958755182e-03
3.946252865170352814e-03
3.945407581105829856e-03
3.944562701460093551e-03
3.943718225928361659e-03
3.942874154206181536e-03
3.942030485989400646e-03
3.941187220974190844e-03
3.940344358857020626e-03
3.939501899334701095e-03
3.938659842104327846e-03
3.937818186863317402e-03
3.936976933309418482e-03
3.936136081140651291e-03
3.935295630055383846e-03
3.934455579752272995e-03
3.933615929930306919e-03
3.932776680288745282e-03
3.931937830527212040e-03
3.931099380345583552e-03
3.930261329444099602e-03
3.929423677523262784e-03
3.928586424283900952e-03
3.927749569427153344e-03
3.926913112654469712e-03
3.926077053667592111e-03
3.925241392168578314e-03
3.924406127859792273e-03
3.923571260443900650e-03
3.922736789623871949e-03
3.921902715102991259e-03
3.921069036584830768e-03
3.920235753773287056e-03
3.919402866372540331e-03
3.918570374087087388e-03
3.917738276621724261e-03
3.916906573681545357e-03
3.916075264971947793e-03
3.915244350198637466e-03
3.914413829067610838e-03
3.913583701285180093e-03
3.912753966557943643e-03
3.911924624592796537e-03
3.911095675096951281e-03
3.910267117777908343e-03
3.909438952343466563e-03
3.908611178501724022e-03
3.907783795961073704e-03
3.906956804430223446e-03
3.906130203618157770e-03
3.905303993234167815e-03
3.904478172987823140e-03
3.903652742589027672e-03
3.902827701747950320e-03
3.902003050175061830e-03
3.901178787581130025e-03
3.900354913677221529e-03
3.899531428174683127e-03
3.898708330785177322e-03
3.897885621220638103e-03
3.897063299193304770e-03
3.896241364415702849e-03
3.895419816600666652e-03
3.894598655461294599e-03
3.893777880711000831e-03
3.892957492063483117e-03
3.892137489232718947e-03
3.891317871932995030e-03
3.890498639878865652e-03
3.889679792785208628e-03
3.888861330367146801e-03
3.888043252340130443e-03
3.887225558419882179e-03
3.886408248322407825e-03
3.885591321764015910e-03
3.884774778461289480e-03
3.883958618131096944e-03
3.883142840490600746e-03
3.882327445257261703e-03
3.881512432148798240e-03
3.880697800883225849e-03
3.879883551178865773e-03
3.879069682754292953e-03
3.878256195328382439e-03
3.877443088620295512e-03
3.876630362349470140e-03
3.875818016235630520e-03
3.875006049998784043e-03
3.874194463359228666e-03
3.873383256037525590e-03
3.872572427754536559e-03
3.871761978231393498e-03
3.870951907189512393e-03
3.870142214350595893e-03
3.869332899436615965e-03
3.868523962169839910e-03
3.867715402272802611e-03
3.866907219468311736e-03
3.866099413479477231e-03
3.865291984029668379e-03
3.864484930842538961e-03
3.863678253642024215e-03
3.862871952152335201e-03
3.862066026097945356e-03
3.861260475203633427e-03
3.860455299194429698e-03
3.859650497795658920e-03
3.858846070732901718e-03
3.858042017732032751e-03
3.857238338519197729e-03
3.856435032820806907e-03
3.855632100363563276e-03
3.854829540874413988e-03
3.854027354080614108e-03
3.853225539709674574e-03
3.852424097489382578e-03
3.851623027147787690e-03
3.850822328413228742e-03
3.850022001014312585e-03
3.849222044679905842e-03
3.848422459139157464e-03
3.847623244121487016e-03
3.846824399356581648e-03
3.846025924574391318e-03
3.845227819505161754e-03
3.844430083879366803e-03
3.843632717427798197e-03
3.842835719881476653e-03
3.842039090971707382e-03
3.841242830430065779e-03
3.840446937988390916e-03
3.839651413378785110e-03
3.838856256333640811e-03
3.838061466585578584e-03
3.837267043867518233e-03
3.836472987912641509e-03
3.835679298454373453e-03
3.834885975226429242e-03
3.834093017962773853e-03
3.833300426397652418e-03
3.832508200265554235e-03
3.831716339301251360e-03
3.830924843239770419e-03
3.830133711816409957e-03
3.829342944766714416e-03
3.828552541826507095e-03
3.827762502731862828e-03
3.826972827219129666e-03
3.826183515024915872e-03
3.825394565886081674e-03
3.824605979539749678e-03
3.823817755723320048e-03
3.823029894174437976e-03
3.822242394631004524e-03
3.821455256831185737e-03
3.820668480513425645e-03
3.819882065416398131e-03
3.819096011279049865e-03
3.818310317840598132e-03
3.817524984840490500e-03
3.816740012018455131e-03
3.815955399114468252e-03
3.815171145868772370e-03
3.814387252021852418e-03
3.813603717314455275e-03
3.812820541487590628e-03
3.812037724282520568e-03
3.811255265440760889e-03
3.810473164704084991e-03
3.809691421814519110e-03
3.808910036514344486e-03
3.808129008546101268e-03
3.807348337652569428e-03
3.806568023576805196e-03
3.805788066062098986e-03
3.805008464852010965e-03
3.804229219690328980e-03
3.803450330321122771e-03
3.802671796488686726e-03
3.801893617937591053e-03
3.801115794412646218e-03
3.800338325658911623e-03
3.799561211421698202e-03
3.798784451446577098e-03
3.798008045479352342e-03
3.797231993266097713e-03
3.796456294553118577e-03
3.795680949086986146e-03
3.794905956614504951e-03
3.794131316882732793e-03
3.793357029638989852e-03
3.792583094630827458e-03
3.791809511606046741e-03
3.791036280312697331e-03
3.790263400499094271e-03
3.789490871913766840e-03
3.788718694305518841e-03
3.787946867423380454e-03
3.787175391016637735e-03
3.786404264834825235e-03
3.785633488627715166e-03
3.784863062145331272e-03
3.784092985137935388e-03
3.783323257356037417e-03
3.782553878550393156e-03
3.781784848471993025e-03
3.781016166872088954e-03
3.780247833502163590e-03
3.779479848113926396e-03
3.778712210459372195e-03
3.777944920290690969e-03
3.777177977360348955e-03
3.776411381421037900e-03
3.775645132225694152e-03
3.774879229527493447e-03
3.774113673079861325e-03
3.773348462636446233e-03
3.772583597951148591e-03
3.771819078778118183e-03
3.771054904871725972e-03
3.770291075986586648e-03
3.769527591877553426e-03
3.768764452299735394e-03
3.768001657008451539e-03
3.767239205759289299e-03
3.766477098308040807e-03
3.765715334410766647e-03
3.764953913823749013e-03
3.764192836303495611e-03
3.763432101606779129e-03
3.762671709490589093e-03
3.761911659712153556e-03
3.761151952028942997e-03
3.760392586198647337e-03
3.759633561979217140e-03
3.758874879128813740e-03
3.758116537405848702e-03
3.757358536568957373e-03
3.756600876377016226e-03
3.755843556589123777e-03
3.755086576964642223e-03
3.754329937263125010e-03
3.753573637244395338e-03
3.752817676668472862e-03
3.752062055295654359e-03
3.751306772886428293e-03
3.750551829201519485e-03
3.749797224001918602e-03
3.749042957048809733e-03
3.748289028103626765e-03
3.747535436928026500e-03
3.746782183283901228e-03
3.746029266933367449e-03
3.745276687638772386e-03
3.744524445162704818e-03
3.743772539267964296e-03
3.743020969717588461e-03
3.742269736274849139e-03
3.741518838703225460e-03
3.740768276766454591e-03
3.740018050228477962e-03
3.739268158853470327e-03
3.738518602405845829e-03
3.737769380650228079e-03
3.737020493351480514e-03
3.736271940274677773e-03
3.735523721185131287e-03
3.734775835848389708e-03
3.734028284030197712e-03
3.733281065496550644e-03
3.732534180013664590e-03
3.731787627347957301e-03
3.731041407266110204e-03
3.730295519534998581e-03
3.729549963921729733e-03
3.728804740193649055e-03
3.728059848118291889e-03
3.727315287463447285e-03
3.726571057997120264e-03
3.725827159487525315e-03
3.725083591703113716e-03
3.724340354412558358e-03
3.723597447384742031e-03
3.722854870388776511e-03
3.722112623193989979e-03
3.721370705569958248e-03
3.720629117286420630e-03
3.719887858113394858e-03
3.719146927821085583e-03
3.718406326179939450e-03
3.717666052960591754e-03
3.716926107933931495e-03
3.716186490871042393e-03
3.715447201543233685e-03
3.714708239722037085e-03
3.713969605179200280e-03
3.713231297686693001e-03
3.712493317016682740e-03
3.711755662941582882e-03
3.711018335234020186e-03
3.710281333666808328e-03
3.709544658013007746e-03
3.708808308045877938e-03
3.708072283538921265e-03
3.707336584265819631e-03
3.706601210000496499e-03
3.705866160517077863e-03
3.705131435589908290e-03
3.704397034993550056e-03
3.703662958502779677e-03
3.702929205892578363e-03
3.702195776938156310e-03
3.701462671414926242e-03
3.700729889098519024e-03
3.699997429764786266e-03
3.699265293189770831e-03
3.698533479149748900e-03
3.697801987421200053e-03
3.697070817780820709e-03
3.696339970005515455e-03
3.695609443872386636e-03
3.694879239158789866e-03
3.694149355642247726e-03
3.693419793100514818e-03
3.692690551311558680e-03
3.691961630053540271e-03
3.691233029104846065e-03
3.690504748244075039e-03
3.689776787250019594e-03
3.689049145901694172e-03
3.688321823978319650e-03
3.687594821259318999e-03
3.686868137524341137e-03
3.686141772553231007e-03
3.685415726126029141e-03
3.684689998023015899e-03
3.683964588024647713e-03
3.683239495911611733e-03
3.682514721464787665e-03
3.681790264465265548e-03
3.681066124694341857e-03
3.680342301933524699e-03
3.679618795964526012e-03
3.678895606569254628e-03
3.678172733529844456e-03
3.677450176628620660e-03
3.676727935648103560e-03
3.676006010371042892e-03
3.675284400580377045e-03
3.674563106059258212e-03
3.673842126591028105e-03
3.673121461959247009e-03
3.672401111947675573e-03
3.671681076340267864e-03
3.670961354921201732e-03
3.670241947474833701e-03
3.669522853785737570e-03
3.668804073638690100e-03
3.668085606818666244e-03
3.667367453110840884e-03
3.666649612300603139e-03
3.665932084173515165e-03
3.665214868515375042e-03
3.664497965112167768e-03
3.663781373750066989e-03
3.663065094215462326e-03
3.662349126294934653e-03
3.661633469775275179e-03
3.660918124443465500e-03
3.660203090086689304e-03
3.659488366492338017e-03
3.658773953447981304e-03
3.658059850741414779e-03
3.657346058160608395e-03
3.656632575493742876e-03
3.655919402529202774e-03
3.655206539055560425e-03
3.654493984861582889e-03
3.653781739736247126e-03
3.653069803468714846e-03
3.652358175848352886e-03
3.651646856664727582e-03
3.650935845707586544e-03
3.650225142766896393e-03
3.649514747632794185e-03
3.648804660095631650e-03
3.648094879945953072e-03
3.647385406974499190e-03
3.646676240972193759e-03
3.645967381730165664e-03
3.645258829039728539e-03
3.644550582692415892e-03
3.643842642479934706e-03
3.643135008194177578e-03
3.642427679627248741e-03
3.641720656571446283e-03
3.641013938819250007e-03
3.640307526163332700e-03
3.639601418396570982e-03
3.638895615312033593e-03
3.638190116702969251e-03
3.637484922362819659e-03
3.636780032085237726e-03
3.636075445664046363e-03
3.635371162893272310e-03
3.634667183567133128e-03
3.633963507480028089e-03
3.633260134426558995e-03
3.632557064201507625e-03
3.631854296599851348e-03
3.631151831416764859e-03
3.630449668447600659e-03
3.629747807487900338e-03
3.629046248333406711e-03
3.628344990780040403e-03
3.627644034623927604e-03
3.626943379661358435e-03
3.626243025688825113e-03
3.625542972503017179e-03
3.624843219900792009e-03
3.624143767679219481e-03
3.623444615635537745e-03
3.622745763567167959e-03
3.622047211271739019e-03
3.621348958547058062e-03
3.620651005191110900e-03
3.619953351002076769e-03
3.619255995778333963e-03
3.618558939318421239e-03
3.617862181421070342e-03
3.617165721885220314e-03
3.616469560509965892e-03
3.615773697094611713e-03
3.615078131438629813e-03
3.614382863341685653e-03
3.613687892603636379e-03
3.612993219024499165e-03
3.612298842404501088e-03
3.611604762544034890e-03
3.610910979243698010e-03
3.610217492304244880e-03
3.609524301526634196e-03
3.608831406712005932e-03
3.608138807661665729e-03
3.607446504177123058e-03
3.606754496060056957e-03
3.606062783112331648e-03
3.605371365135984826e-03
3.604680241933270156e-03
3.603989413306573578e-03
3.603298879058499174e-03
3.602608638991814521e-03
3.601918692909474549e-03
3.601229040614624139e-03
3.600539681910558225e-03
3.599850616600787281e-03
3.599161844488987013e-03
3.598473365379010070e-03
3.597785179074882139e-03
3.597097285380829266e-03
3.596409684101253140e-03
3.595722375040715478e-03
3.595035358003962744e-03
3.594348632795938293e-03
3.593662199221746376e-03
3.592976057086675560e-03
3.592290206196183545e-03
3.591604646355924923e-03
3.590919377371713014e-03
3.590234399049557160e-03
3.589549711195616759e-03
3.588865313616255472e-03
3.588181206118001322e-03
3.587497388507562314e-03
3.586813860591813417e-03
3.586130622177814784e-03
3.585447673072812182e-03
3.584765013084204466e-03
3.584082642019583917e-03
3.583400559686701538e-03
3.582718765893514335e-03
3.582037260448108981e-03
3.581356043158787691e-03
3.580675113834006634e-03
3.579994472282404562e-03
3.579314118312788059e-03
3.578634051734138483e-03
3.577954272355612832e-03
3.577274779986551988e-03
3.576595574436446014e-03
3.575916655514983604e-03
3.575238023032007405e-03
3.574559676797539609e-03
3.573881616621783254e-03
3.573203842315093165e-03
3.572526353688024962e-03
3.571849150551280848e-03
3.571172232715751679e-03
3.570495599992478796e-03
3.569819252192704771e-03
3.569143189127821792e-03
3.568467410609388150e-03
3.567791916449164664e-03
3.567116706459041390e-03
3.566441780451109610e-03
3.565767138237621071e-03
3.565092779630986679e-03
3.564418704443805125e-03
3.563744912488833391e-03
3.563071403579003670e-03
3.562398177527411215e-03
3.561725234147322151e-03
3.561052573252179981e-03
3.560380194655585629e-03
3.559708098171308725e-03
3.559036283613298442e-03
3.558364750795663112e-03
3.557693499532675867e-03
3.557022529638786349e-03
3.556351840928599021e-03
3.555681433216909600e-03
3.555011306318651716e-03
3.554341460048948079e-03
3.553671894223072759e-03
3.553002608656475030e-03
3.552333603164764195e-03
3.551664877563730401e-03
3.550996431669313416e-03
3.550328265297619974e-03
3.549660378264930718e-03
3.548992770387691086e-03
3.548325441482509581e-03
3.547658391366153435e-03
3.546991619855563351e-03
3.546325126767831820e-03
3.545658911920236949e-03
3.544992975130206031e-03
3.544327316215332025e-03
3.543661934993375725e-03
3.542996831282254483e-03
3.542332004900057823e-03
3.541667455665025756e-03
3.541003183395581740e-03
3.540339187910302322e-03
3.539675469027911935e-03
3.539012026567327131e-03
3.538348860347591534e-03
3.537685970187943920e-03
3.537023355907764448e-03
3.536361017326610217e-03
3.535698954264180141e-03
3.535037166540345305e-03
3.534375653975153735e-03
3.533714416388781827e-03
3.533053453601595929e-03
3.532392765434111577e-03
3.531732351706993490e-03
3.531072212241083332e-03
3.530412346857385395e-03
3.529752755377048388e-03
3.529093437621384950e-03
3.528434393411890736e-03
3.527775622570179792e-03
3.527117124918046145e-03
3.526458900277464666e-03
3.525800948470528186e-03
3.525143269319509949e-03
3.524485862646850598e-03
3.523828728275134325e-03
3.523171866027099280e-03
3.522515275725662722e-03
3.521858957193868545e-03
3.521202910254958400e-03
3.520547134732289734e-03
3.519891630449411245e-03
3.519236397230015613e-03
3.518581434897932129e-03
3.517926743277187407e-03
3.517272322191936865e-03
3.516618171466498119e-03
3.515964290925333198e-03
3.515310680393091917e-03
3.514657339694552893e-03
3.514004268654652170e-03
3.513351467098500564e-03
3.512698934851338564e-03
3.512046671738578395e-03
3.511394677585790575e-03
3.510742952218683967e-03
3.510091495463130498e-03
3.509440307145163425e-03
3.508789387090953914e-03
3.508138735126847905e-03
3.507488351079330116e-03
3.506838234775043559e-03
3.506188386040788238e-03
3.505538804703504235e-03
3.504889490590305107e-03
3.504240443528444052e-03
