nan
1.757759088204165210e-01
1.211026162162559539e-01
9.706750021611022794e-02
8.282545284534217900e-02
7.315565344227682731e-02
6.604984588298266901e-02
6.054975042476964248e-02
5.613290377637073642e-02
5.248715741929498718e-02
4.941308900694151018e-02
4.677658293992192906e-02
4.448370329921454841e-02
4.246644934095538532e-02
4.067423041325569227e-02
3.906853133248961579e-02
3.761944728275187083e-02
3.630336050290101924e-02
3.510133938035665813e-02
3.399800877578382924e-02
3.298073603632822870e-02
3.203903351966969071e-02
3.116411273699129861e-02
3.034854666953727687e-02
2.958601056720220474e-02
2.887108055740390464e-02
2.819907542835395700e-02
2.756593106457879208e-02
2.696809986347765975e-02
2.640246946792232721e-02
2.586629658166213555e-02
2.535715266942807286e-02
2.487287910102915431e-02
2.441154985912028300e-02
2.397144034926533204e-02
2.355100116715589179e-02
2.314883591872508167e-02
2.276368237393759653e-02
2.239439637831444271e-02
2.203993805803243500e-02
2.169935994225737075e-02
2.137179669582993727e-02
2.105645621070809451e-02
2.075261184883601950e-02
2.045959566475405791e-02
2.017679246512293911e-02
1.990363458581963230e-02
1.963959728646317085e-02
1.938419467800752208e-02
1.913697611205546559e-02
1.889752297133650422e-02
1.866544580976990317e-02
1.844038179803059521e-02
1.822199243682515180e-02
1.800996150537391427e-02
1.780399321706300012e-02
1.760381055801371955e-02
1.740915378753221318e-02
1.721977908214366443e-02
1.703545730725939539e-02
1.685597290253245534e-02
1.668112286868687205e-02
1.651071584509268553e-02
1.634457126864637122e-02
1.618251860563067746e-02
1.602439664919537779e-02
1.587005287594308450e-02
1.571934285583887966e-02
1.557212971030460559e-02
1.542828361392206520e-02
1.528768133566173019e-02
1.515020581599020068e-02
1.501574577658960387e-02
1.488419535976271725e-02
1.475545379489451130e-02
1.462942508960633596e-02
1.450601774347390523e-02
1.438514448238904786e-02
1.426672201183066396e-02
1.415067078747703905e-02
1.403691480173878924e-02
1.392538138492475409e-02
1.381600101987155542e-02
1.370870716897393260e-02
1.360343611264879481e-02
1.350012679835124220e-02
1.339872069933888132e-02
1.329916168245038298e-02
1.320139588422676938e-02
1.310537159476161777e-02
1.301103914871726101e-02
1.291835082299117206e-02
1.282726074055872897e-02
1.273772478005760420e-02
1.264970049071306030e-02
1.256314701223626602e-02
1.247802499935582454e-02
1.239429655066985082e-02
1.231192514152963484e-02
1.223087556068801034e-02
1.215111385046574628e-02
1.207260725020797322e-02
1.199532414281887470e-02
1.191923400417931392e-02
1.184430735526534328e-02
1.177051571679926280e-02
1.169783156627680898e-02
1.162622829722455634e-02
1.155568018055268958e-02
1.148616232787681019e-02
1.141765065669174059e-02
1.135012185728786864e-02
1.128355336130819689e-02
1.121792331185073564e-02
1.115321053502767515e-02
1.108939451289820029e-02
1.102645535769728249e-02
1.096437378728811092e-02
1.090313110176986504e-02
1.084270916117752344e-02
1.078309036421388513e-02
1.072425762795796260e-02
1.066619436849732677e-02
1.060888448243514984e-02
1.055231232922570171e-02
1.049646271429484877e-02
1.044132087290486344e-02
1.038687245472497307e-02
1.033310350907160231e-02
1.028000047078421984e-02
1.022755014670490015e-02
1.017573970273113505e-02
1.012455665141378386e-02
1.007398884007290087e-02
1.002402443940649673e-02
9.974651932567994359e-03
9.925860104690023902e-03
9.877638032832973536e-03
9.829975076338395151e-03
9.782860867567921143e-03
9.736285303009847153e-03
9.690238534736085596e-03
9.644710962193556517e-03
9.599693224314392870e-03
9.555176191930865592e-03
9.511150960480722200e-03
9.467608842990363899e-03
9.424541363323263657e-03
9.381940249681881144e-03
9.339797428351894262e-03
9.298105017678351056e-03
9.256855322263385713e-03
9.216040827376160635e-03
9.175654193565935951e-03
9.135688251469388163e-03
9.096135996804295340e-03
9.056990585541541475e-03
9.018245329247980696e-03
8.979893690593215502e-03
8.941929279013483695e-03
8.904345846526027369e-03
8.867137283688177746e-03
8.830297615694943786e-03
8.793820998609808495e-03
8.757701715723101993e-03
8.721934174033321371e-03
8.686512900846056137e-03
8.651432540486274358e-03
8.616687851119351690e-03
8.582273701676676469e-03
8.548185068881808055e-03
8.514417034373311308e-03
8.480964781920606946e-03
8.447823594729342300e-03
8.414988852832705479e-03
8.382456030565862276e-03
8.350220694119964843e-03
8.318278499173121371e-03
8.286625188595320504e-03
8.255256590224720539e-03
8.224168614712472347e-03
8.193357253433983939e-03
8.162818576463774789e-03
8.132548730612030805e-03
8.102543937520436529e-03
8.072800491815291385e-03
8.043314759315682572e-03
8.014083175295221018e-03
7.985102242794967289e-03
7.956368530986100696e-03
7.927878673580491045e-03
7.899629367287568441e-03
7.871617370315900364e-03
7.843839500917911337e-03
7.816292635976346964e-03
7.788973709631081578e-03
7.761879711944864348e-03
7.735007687606752259e-03
7.708354734671940198e-03
7.681918003336849279e-03
7.655694694748312913e-03
7.629682059845630665e-03
7.603877398234543637e-03
7.578278057092139967e-03
7.552881430101522978e-03
7.527684956415463952e-03
7.502686119647952734e-03
7.477882446892947059e-03
7.453271507769362175e-03
7.428850913491372686e-03
7.404618315963465425e-03
7.380571406899332637e-03
7.356707916963817900e-03
7.333025614937336255e-03
7.309522306902027818e-03
7.286195835448963133e-03
7.263044078905702035e-03
7.240064950583806162e-03
7.217256398045371855e-03
7.194616402388398675e-03
7.172142977550066342e-03
7.149834169627609579e-03
7.127688056216335485e-03
7.105702745763922169e-03
7.083876376940944838e-03
7.062207118026977981e-03
7.040693166311628309e-03
7.019332747510501937e-03
6.998124115195235827e-03
6.977065550237434785e-03
6.956155360266136692e-03
6.935391879138237854e-03
6.914773466421747505e-03
6.894298506891196644e-03
6.873965410035312237e-03
6.853772609576082482e-03
6.833718562999384870e-03
6.813801751096457138e-03
6.794020677516254478e-03
6.774373868328153504e-03
6.754859871594716750e-03
6.735477256954533302e-03
6.716224615214429552e-03
6.697100557951194896e-03
6.678103717122293309e-03
6.659232744685458436e-03
6.640486312226898981e-03
6.621863110597855061e-03
6.603361849559374538e-03
6.584981257434947659e-03
6.566720080770973959e-03
6.548577084004642522e-03
6.530551049139275005e-03
6.512640775426741142e-03
6.494845079056822679e-03
6.477162792853425125e-03
6.459592765977335491e-03
6.442133863635464419e-03
6.424784966796302094e-03
6.407544971911573184e-03
6.390412790643833219e-03
6.373387349599769595e-03
6.356467590069350346e-03
6.339652467770353142e-03
6.322940952598353481e-03
6.306332028381930049e-03
6.289824692643011805e-03
6.273417956362295662e-03
6.257110843749319300e-03
6.240902392017601968e-03
6.224791651164170679e-03
6.208777683753741519e-03
6.192859564707263800e-03
6.177036381094826167e-03
6.161307231932779821e-03
6.145671227984877624e-03
6.130127491567542719e-03
6.114675156358963942e-03
6.099313367212086563e-03
6.084041279971273697e-03
6.068858061292685228e-03
6.053762888468109706e-03
6.038754949252407925e-03
6.023833441694275911e-03
6.008997573970279588e-03
5.994246564222314652e-03
5.979579640397988602e-03
5.964996040094283983e-03
5.950495010404204498e-03
5.936075807766295551e-03
5.921737697817190151e-03
5.907479955246853175e-03
5.893301863656688795e-03
5.879202715420250858e-03
5.865181811546658561e-03
5.851238461546613354e-03
5.837371983300820161e-03
5.823581702931044518e-03
5.809866954673410105e-03
5.796227080754209025e-03
5.782661431267896099e-03
5.769169364057417232e-03
5.755750244596734809e-03
5.742403445875474653e-03
5.729128348285742259e-03
5.715924339510966914e-03
5.702790814416778056e-03
5.689727174943873950e-03
5.676732830002828925e-03
5.663807195370749829e-03
5.650949693589937817e-03
5.638159753868089707e-03
5.625436811980653005e-03
5.612780310174553082e-03
5.600189697073851974e-03
5.587664427587061243e-03
5.575203962816003937e-03
5.562807769966302864e-03
5.550475322259540260e-03
5.538206098846768823e-03
5.525999584723686325e-03
5.513855270647250069e-03
5.501772653053624458e-03
5.489751233977753150e-03
5.477790520974092602e-03
5.465890027038847881e-03
5.454049270533477441e-03
5.442267775109576114e-03
5.430545069634906512e-03
5.418880688120801710e-03
5.407274169650742347e-03
5.395725058310143693e-03
5.384232903117304112e-03
5.372797257955570435e-03
5.361417681506532897e-03
5.350093737184478601e-03
5.338824993071714965e-03
5.327611021855249707e-03
5.316451400764237584e-03
5.305345711508651849e-03
5.294293540218811787e-03
5.283294477386091606e-03
5.272348117804350094e-03
5.261454060512542504e-03
5.250611908738096571e-03
5.239821269841315500e-03
5.229081755260601462e-03
5.218392980458592435e-03
5.207754564869162932e-03
5.197166131845289486e-03
5.186627308607649929e-03
5.176137726194250492e-03
5.165697019410537758e-03
5.155304826780621706e-03
5.144960790499045200e-03
5.134664556383423430e-03
5.124415773827761637e-03
5.114214095756527446e-03
5.104059178579490805e-03
5.093950682147112101e-03
5.083888269706844480e-03
5.073871607859909739e-03
5.063900366518855715e-03
5.053974218865713020e-03
5.044092841310821376e-03
5.034255913452296942e-03
5.024463118036018305e-03
5.014714140916420870e-03
5.005008671017660733e-03
4.995346400295484594e-03
4.985727023699717229e-03
4.976150239137180908e-03
4.966615747435274009e-03
4.957123252306069178e-03
4.947672460310950995e-03
4.938263080825728082e-03
4.928894826006351496e-03
4.919567410755034710e-03
4.910280552687037135e-03
4.901033972097706103e-03
4.891827391930218816e-03
4.882660537743666040e-03
4.873533137681684835e-03
4.864444922441406999e-03
4.855395625243096210e-03
4.846384981799972506e-03
4.837412730288648266e-03
4.828478611319908520e-03
4.819582367909924954e-03
4.810723745451927873e-03
4.801902491688185212e-03
4.793118356682469876e-03
4.784371092792928659e-03
4.775660454645257354e-03
4.766986199106286980e-03
4.758348085257980281e-03
4.749745874371769962e-03
4.741179329883214374e-03
4.732648217367122455e-03
4.724152304512866003e-03
4.715691361100202844e-03
4.707265158975310754e-03
4.698873472027218640e-03
4.690516076164522215e-03
4.682192749292496924e-03
4.673903271290408626e-03
4.665647423989258830e-03
4.657424991149770183e-03
4.649235758440626969e-03
4.641079513417145815e-03
4.632956045500119871e-03
4.624865145954935343e-03
4.616806607871164203e-03
4.608780226142143027e-03
4.600785797445065307e-03
4.592823120221222952e-03
4.584891994656563503e-03
4.576992222662453792e-03
4.569123607856760173e-03
4.561285955545136932e-03
4.553479072702626071e-03
4.545702767955375062e-03
4.537956851562758784e-03
4.530241135399591668e-03
4.522555432938690258e-03
4.514899559233584089e-03
4.507273330901491980e-03
4.499676566106479599e-03
4.492109084542923216e-03
4.484570707419110493e-03
4.477061257441040769e-03
4.469580558796533258e-03
4.462128437139429790e-03
4.454704719574071638e-03
4.447309234639962826e-03
4.439941812296599108e-03
4.432602283908529395e-03
4.425290482230595859e-03
4.418006241393355321e-03
4.410749396888675837e-03
4.403519785555564878e-03
4.396317245566090312e-03
4.389141616411600631e-03
4.381992738888978133e-03
4.374870455087171393e-03
4.367774608373891677e-03
4.360705043382372657e-03
4.353661605998447592e-03
4.346644143347629975e-03
4.339652503782517705e-03
4.332686536870201596e-03
4.325746093379936701e-03
4.318831025270904699e-03
4.311941185680173184e-03
4.305076428910733013e-03
4.298236610419812337e-03
4.291421586807142932e-03
4.284631215803597765e-03
4.277865356259714924e-03
4.271123868134606670e-03
4.264406612484834651e-03
4.257713451453475073e-03
4.251044248259334794e-03
4.244398867186269762e-03
4.237777173572621417e-03
4.231179033800840442e-03
4.224604315287151281e-03
4.218052886471414416e-03
4.211524616807062367e-03
4.205019376751179677e-03
4.198537037754662693e-03
4.192077472252588380e-03
4.185640553654568392e-03
4.179226156335326924e-03
4.172834155625301106e-03
4.166464427801469528e-03
4.160116850078123506e-03
4.153791300597923716e-03
4.147487658422913462e-03
4.141205803525750510e-03
4.134945616780933732e-03
4.128706979956230962e-03
4.122489775704143294e-03
4.116293887553515093e-03
4.110119199901153542e-03
4.103965598003676309e-03
4.097832967969340136e-03
4.091721196750016006e-03
4.085630172133214617e-03
4.079559782734295745e-03
4.073509917988646367e-03
4.067480468144027937e-03
4.061471324253000843e-03
4.055482378165385302e-03
4.049513522520867964e-03
4.043564650741700468e-03
4.037635657025341607e-03
4.031726436337424758e-03
4.025836884404577869e-03
4.019966897707444656e-03
4.014116373473716227e-03
4.008285209671322291e-03
4.002473305001673538e-03
3.996680558892857192e-03
3.990906871493130059e-03
3.985152143664285815e-03
3.979416276975173208e-03
3.973699173695326159e-03
3.968000736788617269e-03
3.962320869906923483e-03
3.956659477384027665e-03
3.951016464229383136e-03
3.945391736122128012e-03
3.939785199405000660e-03
3.934196761078491943e-03
3.928626328794918542e-03
3.923073810852615965e-03
3.917539116190210495e-03
3.912022154380937963e-03
3.906522835626999833e-03
3.901041070754022923e-03
3.895576771205544724e-03
3.890129849037591084e-03
3.884700216913243055e-03
3.879287788097369842e-03
3.873892476451317075e-03
3.868514196427703510e-03
3.863152863065269331e-03
3.857808391983750477e-03
3.852480699378856618e-03
3.847169702017256068e-03
3.841875317231621852e-03
3.836597462915761897e-03
3.831336057519756175e-03
3.826091020045187512e-03
3.820862270040363291e-03
3.815649727595681572e-03
3.810453313338929560e-03
3.805272948430717811e-03
3.800108554559943064e-03
3.794960053939269717e-03
3.789827369300672894e-03
3.784710423891065201e-03
3.779609141467871452e-03
3.774523446294805913e-03
3.769453263137480855e-03
3.764398517259285280e-03
3.759359134417154368e-03
3.754335040857400066e-03
3.749326163311660944e-03
3.744332428992807812e-03
3.739353765590937816e-03
3.734390101269401911e-03
3.729441364660853603e-03
3.724507484863380079e-03
3.719588391436594744e-03
3.714684014397862891e-03
3.709794284218514374e-03
3.704919131820079686e-03
3.700058488570601937e-03
3.695212286280946234e-03
3.690380457201206197e-03
3.685562934017079691e-03
3.680759649846314808e-03
3.675970538235175371e-03
3.671195533154968452e-03
3.666434568998583592e-03
3.661687580577077574e-03
3.656954503116237928e-03
3.652235272253329026e-03
3.647529824033661234e-03
3.642838094907373432e-03
3.638160021726149617e-03
3.633495541740000122e-03
3.628844592594058453e-03
3.624207112325431891e-03
3.619583039360065990e-03
3.614972312509637676e-03
3.610374870968489566e-03
3.605790654310587692e-03
3.601219602486502216e-03
3.596661655820429775e-03
3.592116755007241421e-03
3.587584841109553967e-03
3.583065855554828667e-03
3.578559740132495042e-03
3.574066436991130656e-03
3.569585888635620503e-03
3.565118037924372776e-03
3.560662828066567167e-03
3.556220202619402287e-03
3.551790105485406850e-03
3.547372480909733502e-03
3.542967273477498191e-03
3.538574428111160297e-03
3.534193890067917950e-03
3.529825604937089894e-03
3.525469518637600573e-03
3.521125577415388456e-03
3.516793727840939691e-03
3.512473916806772324e-03
3.508166091524982967e-03
3.503870199524789560e-03
3.499586188650112735e-03
3.495314007057202712e-03
3.491053603212217193e-03
3.486804925888890329e-03
3.482567924166222496e-03
3.478342547426126283e-03
3.474128745351160504e-03
3.469926467922246870e-03
3.465735665416441735e-03
3.461556288404697007e-03
3.457388287749640996e-03
3.453231614603406545e-03
3.449086220405461756e-03
3.444952056880468041e-03
3.440829076036118223e-03
3.436717230161071782e-03
3.432616471822828082e-03
3.428526753865689808e-03
3.424448029408674789e-03
3.420380251843508062e-03
3.416323374832596141e-03
3.412277352307035126e-03
3.408242138464610566e-03
3.404217687767863675e-03
3.400203954942113312e-03
3.396200894973587688e-03
3.392208463107431599e-03
3.388226614845876294e-03
3.384255305946355999e-03
3.380294492419598854e-03
3.376344130527867467e-03
3.372404176783038582e-03
3.368474587944863576e-03
3.364555321019150474e-03
3.360646333255953768e-03
3.356747582147880885e-03
3.352859025428256857e-03
3.348980621069463318e-03
3.345112327281203786e-03
3.341254102508750285e-03
3.337405905431338297e-03
3.333567694960416859e-03
3.329739430238049143e-03
3.325921070635225879e-03
3.322112575750253791e-03
3.318313905407153583e-03
3.314525019654011515e-03
3.310745878761451981e-03
3.306976443221012942e-03
3.303216673743597682e-03
3.299466531257958662e-03
3.295725976909106777e-03
3.291994972056842914e-03
3.288273478274216215e-03
3.284561457346036120e-03
3.280858871267401319e-03
3.277165682242215699e-03
3.273481852681723366e-03
3.269807345203098320e-03
3.266142122627971236e-03
3.262486147981023474e-03
3.258839384488589324e-03
3.255201795577241340e-03
3.251573344872412535e-03
3.247953996197031588e-03
3.244343713570136366e-03
3.240742461205537318e-03
3.237150203510486945e-03
3.233566905084341025e-03
3.229992530717228950e-03
3.226427045388789109e-03
3.222870414266814938e-03
3.219322602706005051e-03
3.215783576246689524e-03
3.212253300613561371e-03
3.208731741714428848e-03
3.205218865638942601e-03
3.201714638657394800e-03
3.198219027219506572e-03
3.194731997953178561e-03
3.191253517663295274e-03
3.187783553330578862e-03
3.184322072110325370e-03
3.180869041331312302e-03
3.177424428494589510e-03
3.173988201272314770e-03
3.170560327506668705e-03
3.167140775208643518e-03
3.163729512556956620e-03
3.160326507896942579e-03
3.156931729739418171e-03
3.153545146759610326e-03
3.150166727796036795e-03
3.146796441849437995e-03
3.143434258081721430e-03
3.140080145814863177e-03
3.136734074529873555e-03
3.133396013865750659e-03
3.130065933618436484e-03
3.126743803739774792e-03
3.123429594336512346e-03
3.120123275669252436e-03
3.116824818151507290e-03
3.113534192348610397e-03
3.110251368976811853e-03
3.106976318902242729e-03
3.103709013139960976e-03
3.100449422852989082e-03
3.097197519351325718e-03
3.093953274091034572e-03
3.090716658673271604e-03
3.087487644843346559e-03
3.084266204489816577e-03
3.081052309643535127e-03
3.077845932476756460e-03
3.074647045302238320e-03
3.071455620572293051e-03
3.068271630877946691e-03
3.065095048948023905e-03
3.061925847648268046e-03
3.058763999980483334e-03
3.055609479081653184e-03
3.052462258223083251e-03
3.049322310809559657e-03
3.046189610378471652e-03
3.043064130599022754e-03
3.039945845271340395e-03
3.036834728325689663e-03
3.033730753821631092e-03
3.030633895947211411e-03
3.027544129018159939e-03
3.024461427477083669e-03
3.021385765892654982e-03
3.018317118958859652e-03
3.015255461494174144e-03
3.012200768440803211e-03
3.009153014863901431e-03
3.006112175950834652e-03
3.003078227010366405e-03
3.000051143471951873e-03
2.997030900884967240e-03
2.994017474917967225e-03
2.991010841357946096e-03
2.988010976109616024e-03
2.985017855194657243e-03
2.982031454751040648e-03
2.979051751032232853e-03
2.976078720406586005e-03
2.973112339356546313e-03
2.970152584478019143e-03
2.967199432479607907e-03
2.964252860181981752e-03
2.961312844517172572e-03
2.958379362527885446e-03
2.955452391366815597e-03
2.952531908296021721e-03
2.949617890686217353e-03
2.946710316016124247e-03
2.943809161871823593e-03
2.940914405946103757e-03
2.938026026037822338e-03
2.935144000051239169e-03
2.932268305995408293e-03
2.929398921983540020e-03
2.926535826232363850e-03
2.923678997061516984e-03
2.920828412892922856e-03
2.917984052250171406e-03
2.915145893757929273e-03
2.912313916141327872e-03
2.909488098225334121e-03
2.906668418934215715e-03
2.903854857290889737e-03
2.901047392416365375e-03
2.898246003529168432e-03
2.895450669944737640e-03
2.892661371074870414e-03
2.889878086427151264e-03
2.887100795604361121e-03
2.884329478303977300e-03
2.881564114317520815e-03
2.878804683530101875e-03
2.876051165919788020e-03
2.873303541557115353e-03
2.870561790604510017e-03
2.867825893315781218e-03
2.865095830035550069e-03
2.862371581198748256e-03
2.859653127330085472e-03
2.856940449043510796e-03
2.854233527041715249e-03
2.851532342115594906e-03
2.848836875143760401e-03
2.846147107092011734e-03
2.843463019012826103e-03
2.840784592044887352e-03
2.838111807412541272e-03
2.835444646425379703e-03
2.832783090477646818e-03
2.830127121047831470e-03
2.827476719698134629e-03
2.824831868074045241e-03
2.822192547903780782e-03
2.819558740997888269e-03
2.816930429248742061e-03
2.814307594630065940e-03
2.811690219196494658e-03
2.809078285083092558e-03
2.806471774504894299e-03
2.803870669756470743e-03
2.801274953211462752e-03
2.798684607322124950e-03
2.796099614618904189e-03
2.793519957709975077e-03
2.790945619280799355e-03
2.788376582093722144e-03
2.785812828987494459e-03
2.783254342876868587e-03
2.780701106752171345e-03
2.778153103678868228e-03
2.775610316797144476e-03
2.773072729321500451e-03
2.770540324540311881e-03
2.768013085815442149e-03
2.765490996581796476e-03
2.762974040346977134e-03
2.760462200690798167e-03
2.757955461264943210e-03
2.755453805792542222e-03
2.752957218067786371e-03
2.750465681955522549e-03
2.747979181390856982e-03
2.745497700378796146e-03
2.743021222993827397e-03
2.740549733379554244e-03
2.738083215748299097e-03
2.735621654380756759e-03
2.733165033625568115e-03
2.730713337899028266e-03
2.728266551684595601e-03
2.725824659532645466e-03
2.723387646060028682e-03
2.720955495949735434e-03
2.718528193950523180e-03
2.716105724876569268e-03
2.713688073607106212e-03
2.711275225086069111e-03
2.708867164321751737e-03
2.706463876386442681e-03
2.704065346416091413e-03
2.701671559609953102e-03
2.699282501230262053e-03
2.696898156601866981e-03
2.694518511111924832e-03
2.692143550209529553e-03
2.689773259405406781e-03
2.687407624271570365e-03
2.685046630440992340e-03
2.682690263607270288e-03
2.680338509524337210e-03
2.677991354006086823e-03
2.675648782926073454e-03
2.673310782217224509e-03
2.670977337871469244e-03
2.668648435939466844e-03
2.666324062530281164e-03
2.664004203811063277e-03
2.661688846006738350e-03
2.659377975399724193e-03
2.657071578329596017e-03
2.654769641192823194e-03
2.652472150442414939e-03
2.650179092587659230e-03
2.647890454193830082e-03
2.645606221881875719e-03
2.643326382328113709e-03
2.641050922263986356e-03
2.638779828475704657e-03
2.636513087804033626e-03
2.634250687143936676e-03
2.631992613444350971e-03
2.629738853707869542e-03
2.627489394990473268e-03
2.625244224401246385e-03
2.623003329102111068e-03
2.620766696307538605e-03
2.618534313284293091e-03
2.616306167351123511e-03
2.614082245878563814e-03
2.611862536288581203e-03
2.609647026054376200e-03
2.607435702700074305e-03
2.605228553800490506e-03
2.603025566980849553e-03
2.600826729916535292e-03
2.598632030332858646e-03
2.596441456004718908e-03
2.594254994756458460e-03
2.592072634461515829e-03
2.589894363042235300e-03
2.587720168469583287e-03
2.585550038762924122e-03
2.583383961989735994e-03
2.581221926265411023e-03
2.579063919752972497e-03
2.576909930662864973e-03
2.574759947252690598e-03
2.572613957826960177e-03
2.570471950736898017e-03
2.568333914380155261e-03
2.566199837200613867e-03
2.564069707688117292e-03
2.561943514378285311e-03
2.559821245852225181e-03
2.557702890736353405e-03
2.555588437702139420e-03
2.553477875465883125e-03
2.551371192788494564e-03
2.549268378475271889e-03
2.547169421375671938e-03
2.545074310383088623e-03
2.542983034434639130e-03
2.540895582510947510e-03
2.538811943635908321e-03
2.536732106876509255e-03
2.534656061342561821e-03
2.532583796186544788e-03
2.530515300603353515e-03
2.528450563830100459e-03
2.526389575145916114e-03
2.524332323871722201e-03
2.522278799370038238e-03
2.520228991044775983e-03
2.518182888341020855e-03
2.516140480744842416e-03
2.514101757783098346e-03
2.512066709023214137e-03
2.510035324072998342e-03
2.508007592580425299e-03
2.505983504233463832e-03
2.503963048759879923e-03
2.501946215927009463e-03
2.499932995541596925e-03
2.497923377449591965e-03
2.495917351535955134e-03
2.493914907724467927e-03
2.491916035977551069e-03
2.489920726296078034e-03
2.487928968719152131e-03
2.485940753323992013e-03
2.483956070225670602e-03
2.481974909576980214e-03
2.479997261568234364e-03
2.478023116427087360e-03
2.476052464418359092e-03
2.474085295843823397e-03
2.472121601042103541e-03
2.470161370388402906e-03
2.468204594294393529e-03
2.466251263208025721e-03
2.464301367613341582e-03
2.462354898030311937e-03
2.460411845014660696e-03
2.458472199157690948e-03
2.456535951086127097e-03
2.454603091461927955e-03
2.452673610982133209e-03
2.450747500378697760e-03
2.448824750418292662e-03
2.446905351902191935e-03
2.444989295666069595e-03
2.443076572579853511e-03
2.441167173547544554e-03
2.439261089507085197e-03
2.437358311430173029e-03
2.435458830322107665e-03
2.433562637221643732e-03
2.431669723200806984e-03
2.429780079364773308e-03
2.427893696851673132e-03
2.426010566832481272e-03
2.424130680510800523e-03
2.422254029122788803e-03
2.420380603936923228e-03
2.418510396253915982e-03
2.416643397406524358e-03
2.414779598759408952e-03
2.412918991709000083e-03
2.411061567683326062e-03
2.409207318141875706e-03
2.407356234575464774e-03
2.405508308506057284e-03
2.403663531486668805e-03
2.401821895101183008e-03
2.399983390964209855e-03
2.398148010720968070e-03
2.396315746047128145e-03
2.394486588648659254e-03
2.392660530261719962e-03
2.390837562652491262e-03
2.389017677617045598e-03
2.387200866981220235e-03
2.385387122600467202e-03
2.383576436359716253e-03
2.381768800173252130e-03
2.379964205984572319e-03
2.378162645766245236e-03
2.376364111519796169e-03
2.374568595275549417e-03
2.372776089092519004e-03
2.370986585058265563e-03
2.369200075288788350e-03
2.367416551928338327e-03
2.365636007149363087e-03
2.363858433152326004e-03
2.362083822165602590e-03
2.360312166445346048e-03
2.358543458275366711e-03
2.356777689966984158e-03
2.355014853858950017e-03
2.353254942317276662e-03
2.351497947735130094e-03
2.349743862532714146e-03
2.347992679157152093e-03
2.346244390082341796e-03
2.344498987808869839e-03
2.342756464863843691e-03
2.341016813800833162e-03
2.339280027199706902e-03
2.337546097666500563e-03
2.335815017833376469e-03
2.334086780358414145e-03
2.332361377925553508e-03
2.330638803244462591e-03
2.328919049050422185e-03
2.327202108104206146e-03
2.325487973191973836e-03
2.323776637125165179e-03
2.322068092740372722e-03
2.320362332899237549e-03
2.318659350488336528e-03
2.316959138419072157e-03
2.315261689627577581e-03
2.313566997074571752e-03
2.311875053745280923e-03
2.310185852649323732e-03
2.308499386820598437e-03
2.306815649317171899e-03
2.305134633221189375e-03
2.303456331638761324e-03
2.301780737699842417e-03
2.300107844558145660e-03
2.298437645391043088e-03
2.296770133399437391e-03
2.295105301807667808e-03
2.293443143863439435e-03
2.291783652837669268e-03
2.290126822024414217e-03
2.288472644740775688e-03
2.286821114326769919e-03
2.285172224145275502e-03
2.283525967581877258e-03
2.281882338044819835e-03
2.280241328964865890e-03
2.278602933795225837e-03
2.276967146011461569e-03
2.275333959111369361e-03
2.273703366614896176e-03
2.272075362064038175e-03
2.270449939022766567e-03
2.268827091076902266e-03
2.267206811834035236e-03
2.265589094923441214e-03
2.263973933995968527e-03
2.262361322723962197e-03
2.260751254801156383e-03
2.259143723942600660e-03
2.257538723884548997e-03
2.255936248384384293e-03
2.254336291220520802e-03
2.252738846192318695e-03
2.251143907119980848e-03
2.249551467844494290e-03
2.247961522227495765e-03
2.246374064151236173e-03
2.244789087518450459e-03
2.243206586252284324e-03
2.241626554296223539e-03
2.240048985613982916e-03
2.238473874189430418e-03
2.236901214026508228e-03
2.235330999149149050e-03
2.233763223601160312e-03
2.232197881446192078e-03
2.230634966767613449e-03
2.229074473668431026e-03
2.227516396271242080e-03
2.225960728718110945e-03
2.224407465170493564e-03
2.222856599809189346e-03
2.221308126834215836e-03
2.219762040464763608e-03
2.218218334939082211e-03
2.216677004514435931e-03
2.215138043466995370e-03
2.213601446091788012e-03
2.212067206702572446e-03
2.210535319631810620e-03
2.209005779230568088e-03
2.207478579868418170e-03
2.205953715933421135e-03
2.204431181831959397e-03
2.202910971988754872e-03
2.201393080846721518e-03
2.199877502866939751e-03
2.198364232528543256e-03
2.196853264328670410e-03
2.195344592782378854e-03
2.193838212422559181e-03
2.192334117799900686e-03
2.190832303482766891e-03
2.189332764057153914e-03
2.187835494126620216e-03
2.186340488312212005e-03
2.184847741252354814e-03
2.183357247602843963e-03
2.181869002036725298e-03
2.180382999244249217e-03
2.178899233932783067e-03
2.177417700826753469e-03
2.175938394667570417e-03
2.174461310213576543e-03
2.172986442239946067e-03
2.171513785538626683e-03
2.170043334918289688e-03
2.168575085204250616e-03
2.167109031238385539e-03
2.165645167879089866e-03
2.164183490001185973e-03
2.162723992495895007e-03
2.161266670270718497e-03
2.159811518249407994e-03
2.158358531371896549e-03
2.156907704594219349e-03
2.155459032888466884e-03
2.154012511242690830e-03
2.152568134660877604e-03
2.151125898162859883e-03
2.149685796784255899e-03
2.148247825576400476e-03
2.146811979606300363e-03
2.145378253956572220e-03
2.143946643725332894e-03
2.142517144026200287e-03
2.141089749988197947e-03
2.139664456755693920e-03
2.138241259488358678e-03
2.136820153361067114e-03
2.135401133563868178e-03
2.133984195301938912e-03
2.132569333795472557e-03
2.131156544279661207e-03
2.129745822004619916e-03
2.128337162235338989e-03
2.126930560251596384e-03
2.125526011347946432e-03
2.124123510833611853e-03
2.122723054032462069e-03
2.121324636282928208e-03
2.119928252937965368e-03
2.118533899364996673e-03
2.117141570945827410e-03
2.115751263076620300e-03
2.114362971167832190e-03
2.112976690644137283e-03
2.111592416944408496e-03
2.110210145521613807e-03
2.108829871842811485e-03
2.107451591389045142e-03
2.106075299655344162e-03
2.104700992150606177e-03
2.103328664397590992e-03
2.101958311932859876e-03
2.100589930306700961e-03
2.099223515083083278e-03
2.097859061839608182e-03
2.096496566167462081e-03
2.095136023671357456e-03
2.093777429969473445e-03
2.092420780693405973e-03
2.091066071488133053e-03
2.089713298011923286e-03
2.088362455936330648e-03
2.087013540946129446e-03
2.085666548739234950e-03
2.084321475026681275e-03
2.082978315532549828e-03
2.081637065993966265e-03
2.080297722160983406e-03
2.078960279796575588e-03
2.077624734676574922e-03
2.076291082589618812e-03
2.074959319337125671e-03
2.073629440733196477e-03
2.072301442604619539e-03
2.070975320790771623e-03
2.069651071143624021e-03
2.068328689527656680e-03
2.067008171819810069e-03
2.065689513909453080e-03
2.064372711698324054e-03
2.063057761100514729e-03
2.061744658042352282e-03
2.060433398462427085e-03
2.059123978311525917e-03
2.057816393552545659e-03
2.056510640160499805e-03
2.055206714122436058e-03
2.053904611437430694e-03
2.052604328116474069e-03
2.051305860182514856e-03
2.050009203670336445e-03
2.048714354626557377e-03
2.047421309109571062e-03
2.046130063189491571e-03
2.044840612948148426e-03
2.043552954478995969e-03
2.042267083887077794e-03
2.040982997289020676e-03
2.039700690812951307e-03
2.038420160598458566e-03
2.037141402796578335e-03
2.035864413569711106e-03
2.034589189091597691e-03
2.033315725547298839e-03
2.032044019133098529e-03
2.030774066056529985e-03
2.029505862536282439e-03
2.028239404802166437e-03
2.026974689095092149e-03
2.025711711667014300e-03
2.024450468780894866e-03
2.023190956710660144e-03
2.021933171741157817e-03
2.020677110168131799e-03
2.019422768298152846e-03
2.018170142448598610e-03
2.016919228947622409e-03
2.015670024134078638e-03
2.014422524357536645e-03
2.013176725978166239e-03
2.011932625366776722e-03
2.010690218904738827e-03
2.009449502983932673e-03
2.008210474006730858e-03
2.006973128385972430e-03
2.005737462544881795e-03
2.004503472917076520e-03
2.003271155946491008e-03
2.002040508087359148e-03
2.000811525804170512e-03
1.999584205571663421e-03
1.998358543874710451e-03
1.997134537208365267e-03
1.995912182077776327e-03
1.994691474998169095e-03
1.993472412494802677e-03
1.992254991102923849e-03
1.991039207367760119e-03
1.989825057844441230e-03
1.988612539098003062e-03
1.987401647703326921e-03
1.986192380245114814e-03
1.984984733317846084e-03
1.983778703525740546e-03
1.982574287482753717e-03
1.981371481812482273e-03
1.980170283148178362e-03
1.978970688132705366e-03
1.977772693418498873e-03
1.976576295667505957e-03
1.975381491551202098e-03
1.974188277750507474e-03
1.972996650955806484e-03
1.971806607866852332e-03
1.970618145192775273e-03
1.969431259652028397e-03
1.968245947972377223e-03
1.967062206890835517e-03
1.965880033153676997e-03
1.964699423516333421e-03
1.963520374743417136e-03
1.962342883608692024e-03
1.961166946894998906e-03
1.959992561394250342e-03
1.958819723907395931e-03
1.957648431244386755e-03
1.956478680224144149e-03
1.955310467674528478e-03
1.954143790432302710e-03
1.952978645343104872e-03
1.951815029261422902e-03
1.950652939050540220e-03
1.949492371582546135e-03
1.948333323738247590e-03
1.947175792407194973e-03
1.946019774487612068e-03
1.944865266886382617e-03
1.943712266519022997e-03
1.942560770309633431e-03
1.941410775190877602e-03
1.940262278103962275e-03
1.939115275998603248e-03
1.937969765832976135e-03
1.936825744573702048e-03
1.935683209195837411e-03
1.934542156682792207e-03
1.933402584026369230e-03
1.932264488226650241e-03
1.931127866292066874e-03
1.929992715239274006e-03
1.928859032093188782e-03
1.927726813886941398e-03
1.926596057661829125e-03
1.925466760467314364e-03
1.924338919360968044e-03
1.923212531408475048e-03
1.922087593683570027e-03
1.920964103268052578e-03
1.919842057251705059e-03
1.918721452732314713e-03
1.917602286815607961e-03
1.916484556615256907e-03
1.915368259252816889e-03
1.914253391857727998e-03
1.913139951567276696e-03
1.912027935526548544e-03
1.910917340888463115e-03
1.909808164813653212e-03
1.908700404470526019e-03
1.907594057035181569e-03
1.906489119691414692e-03
1.905385589630666666e-03
1.904283464052025643e-03
1.903182740162171144e-03
1.902083415175367985e-03
1.900985486313432667e-03
1.899888950805704970e-03
1.898793805889037109e-03
1.897700048807738661e-03
1.896607676813586536e-03
1.895516687165773803e-03
1.894427077130882153e-03
1.893338843982894908e-03
1.892251985003109852e-03
1.891166497480164599e-03
1.890082378709997133e-03
1.888999625995820648e-03
1.887918236648072163e-03
1.886838207984456537e-03
1.885759537329818316e-03
1.884682222016237580e-03
1.883606259382905037e-03
1.882531646776152822e-03
1.881458381549405484e-03
1.880386461063170665e-03
1.879315882685004624e-03
1.878246643789508331e-03
1.877178741758263715e-03
1.876112173979854270e-03
1.875046937849810403e-03
1.873983030770614211e-03
1.872920450151633340e-03
1.871859193409145710e-03
1.870799257966281829e-03
1.869740641253014824e-03
1.868683340706152850e-03
1.867627353769265794e-03
1.866572677892741443e-03
1.865519310533674023e-03
1.864467249155911258e-03
1.863416491230001455e-03
1.862367034233172475e-03
1.861318875649310917e-03
1.860272012968941296e-03
1.859226443689210220e-03
1.858182165313843016e-03
1.857139175353156530e-03
1.856097471324005994e-03
1.855057050749767469e-03
1.854017911160342176e-03
1.852980050092088628e-03
1.851943465087852337e-03
1.850908153696906398e-03
1.849874113474952141e-03
1.848841341984082919e-03
1.847809836792765241e-03
1.846779595475836391e-03
1.845750615614450644e-03
1.844722894796090983e-03
1.843696430614527679e-03
1.842671220669797475e-03
1.841647262568188404e-03
1.840624553922246302e-03
1.839603092350686111e-03
1.838582875478439157e-03
1.837563900936591563e-03
1.836546166362394228e-03
1.835529669399218154e-03
1.834514407696533414e-03
1.833500378909915440e-03
1.832487580701004041e-03
1.831476010737483019e-03
1.830465666693051763e-03
1.829456546247465367e-03
1.828448647086403870e-03
1.827441966901559864e-03
1.826436503390570622e-03
1.825432254256995328e-03
1.824429217210311177e-03
1.823427389965883881e-03
1.822426770244946854e-03
1.821427355774602082e-03
1.820429144287763956e-03
1.819432133523187032e-03
1.818436321225410735e-03
1.817441705144745914e-03
1.816448283037274411e-03
1.815456052664811545e-03
1.814465011794896788e-03
1.813475158200770782e-03
1.812486489661367314e-03
1.811499003961268648e-03
1.810512698890717016e-03
1.809527572245594670e-03
1.808543621827377480e-03
1.807560845443134927e-03
1.806579240905526644e-03
1.805598806032763593e-03
1.804619538648585299e-03
1.803641436582265273e-03
1.802664497668587376e-03
1.801688719747798545e-03
1.800714100665623107e-03
1.799740638273259960e-03
1.798768330427309931e-03
1.797797174989803747e-03
1.796827169828169729e-03
1.795858312815218610e-03
1.794890601829130091e-03
1.793924034753414682e-03
1.792958609476925837e-03
1.791994323893833074e-03
1.791031175903598331e-03
1.790069163410951906e-03
1.789108284325896135e-03
1.788148536563685448e-03
1.787189918044798827e-03
1.786232426694914872e-03
1.785276060444918739e-03
1.784320817230880020e-03
1.783366694994021956e-03
1.782413691680713192e-03
1.781461805242462578e-03
1.780511033635881653e-03
1.779561374822686377e-03
1.778612826769670032e-03
1.777665387448691941e-03
1.776719054836669014e-03
1.775773826915546692e-03
1.774829701672273573e-03
1.773886677098824183e-03
1.772944751192137179e-03
1.772003921954145916e-03
1.771064187391718390e-03
1.770125545516658535e-03
1.769187994345717500e-03
1.768251531900535750e-03
1.767316156207649359e-03
1.766381865298475044e-03
1.765448657209286098e-03
1.764516529981209787e-03
1.763585481660210003e-03
1.762655510297045196e-03
1.761726613947294396e-03
1.760798790671317749e-03
1.759872038534256297e-03
1.758946355605986011e-03
1.758021739961144678e-03
1.757098189679091350e-03
1.756175702843890954e-03
1.755254277544319487e-03
1.754333911873823910e-03
1.753414603930520841e-03
1.752496351817188535e-03
1.751579153641239991e-03
1.750663007514714070e-03
1.749747911554256838e-03
1.748833863881126775e-03
1.747920862621136226e-03
1.747008905904693472e-03
1.746097991866751332e-03
1.745188118646796979e-03
1.744279284388842175e-03
1.743371487241427830e-03
1.742464725357574561e-03
1.741558996894800255e-03
1.740654300015079302e-03
1.739750632884861899e-03
1.738847993675024170e-03
1.737946380560875760e-03
1.737045791722152243e-03
1.736146225342976744e-03
1.735247679611873380e-03
1.734350152721739723e-03
1.733453642869819044e-03
1.732558148257723951e-03
1.731663667091399737e-03
1.730770197581102919e-03
1.729877737941405138e-03
1.728986286391176680e-03
1.728095841153557636e-03
1.727206400455976983e-03
1.726317962530107050e-03
1.725430525611862864e-03
1.724544087941401937e-03
1.723658647763082197e-03
1.722774203325491910e-03
1.721890752881376392e-03
1.721008294687689398e-03
1.720126827005541079e-03
1.719246348100194732e-03
1.718366856241065497e-03
1.717488349701678943e-03
1.716610826759689496e-03
1.715734285696857890e-03
1.714858724799022977e-03
1.713984142356127964e-03
1.713110536662150593e-03
1.712237906015151925e-03
1.711366248717221920e-03
1.710495563074478781e-03
1.709625847397065485e-03
1.708757099999129838e-03
1.707889319198817530e-03
1.707022503318240264e-03
1.706156650683499608e-03
1.705291759624648395e-03
1.704427828475681399e-03
1.703564855574524065e-03
1.702702839263054834e-03
1.701841777887016464e-03
1.700981669796084545e-03
1.700122513343818500e-03
1.699264306887640109e-03
1.698407048788844794e-03
1.697550737412582096e-03
1.696695371127839849e-03
1.695840948307431387e-03
1.694987467328015925e-03
1.694134926570012040e-03
1.693283324417676821e-03
1.692432659259038644e-03
1.691582929485881126e-03
1.690734133493780426e-03
1.689886269682047562e-03
1.689039336453729929e-03
1.688193332215609565e-03
1.687348255378196861e-03
1.686504104355683294e-03
1.685660877565981972e-03
1.684818573430678194e-03
1.683977190375033359e-03
1.683136726827971514e-03
1.682297181222071987e-03
1.681458551993555723e-03
1.680620837582270542e-03
1.679784036431685498e-03
1.678948146988887193e-03
1.678113167704546388e-03
1.677279097032935125e-03
1.676445933431906571e-03
1.675613675362867035e-03
1.674782321290780966e-03
1.673951869684178967e-03
1.673122319015099470e-03
1.672293667759133188e-03
1.671465914395366950e-03
1.670639057406409292e-03
1.669813095278341233e-03
1.668988026500761376e-03
1.668163849566708717e-03
1.667340562972700804e-03
1.666518165218723330e-03
1.665696654808178963e-03
1.664876030247934829e-03
1.664056290048251171e-03
1.663237432722831661e-03
1.662419456788760295e-03
1.661602360766533054e-03
1.660786143180017355e-03
1.659970802556472429e-03
1.659156337426505746e-03
1.658342746324082111e-03
1.657530027786527577e-03
1.656718180354483250e-03
1.655907202571930449e-03
1.655097092986165547e-03
1.654287850147782629e-03
1.653479472610689966e-03
1.652671958932069689e-03
1.651865307672385373e-03
1.651059517395369030e-03
1.650254586668025445e-03
1.649450514060587505e-03
1.648647298146544609e-03
1.647844937502624015e-03
1.647043430708749426e-03
1.646242776348089999e-03
1.645442973006995937e-03
1.644644019275006948e-03
1.643845913744876970e-03
1.643048655012510628e-03
1.642252241676998804e-03
1.641456672340564854e-03
1.640661945608617740e-03
1.639868060089678730e-03
1.639075014395399840e-03
1.638282807140576834e-03
1.637491436943104995e-03
1.636700902423972185e-03
1.635911202207289633e-03
1.635122334920238382e-03
1.634334299193079907e-03
1.633547093659148096e-03
1.632760716954833637e-03
1.631975167719580330e-03
1.631190444595882272e-03
1.630406546229253711e-03
1.629623471268253987e-03
1.628841218364440258e-03
1.628059786172394822e-03
1.627279173349692595e-03
1.626499378556900020e-03
1.625720400457575940e-03
1.624942237718243407e-03
1.624164889008397269e-03
1.623388353000490732e-03
1.622612628369931231e-03
1.621837713795051383e-03
1.621063607957141288e-03
1.620290309540399747e-03
1.619517817231951170e-03
1.618746129721812619e-03
1.617975245702935874e-03
1.617205163871124601e-03
1.616435882925092464e-03
1.615667401566426914e-03
1.614899718499573141e-03
1.614132832431847088e-03
1.613366742073409858e-03
1.612601446137273574e-03
1.611836943339288149e-03
1.611073232398118954e-03
1.610310312035256354e-03
1.609548180975014630e-03
1.608786837944502701e-03
1.608026281673622391e-03
1.607266510895084908e-03
1.606507524344354034e-03
1.605749320759689274e-03
1.604991898882112897e-03
1.604235257455396708e-03
1.603479395226074409e-03
1.602724310943404737e-03
1.601970003359401169e-03
1.601216471228797443e-03
1.600463713309041710e-03
1.599711728360305851e-03
1.598960515145466180e-03
1.598210072430076775e-03
1.597460398982409810e-03
1.596711493573411316e-03
1.595963354976687740e-03
1.595215981968527196e-03
1.594469373327875826e-03
1.593723527836344959e-03
1.592978444278168610e-03
1.592234121440236870e-03
1.591490558112071190e-03
1.590747753085796409e-03
1.590005705156183249e-03
1.589264413120598232e-03
1.588523875779011265e-03
1.587784091933981331e-03
1.587045060390671666e-03
1.586306779956809425e-03
1.585569249442719082e-03
1.584832467661261490e-03
1.584096433427883109e-03
1.583361145560575455e-03
1.582626602879869246e-03
1.581892804208844807e-03
1.581159748373118417e-03
1.580427434200805002e-03
1.579695860522579726e-03
1.578965026171591252e-03
1.578234929983515084e-03
1.577505570796517787e-03
1.576776947451265015e-03
1.576049058790880957e-03
1.575321903661005803e-03
1.574595480909730038e-03
1.573869789387594229e-03
1.573144827947629571e-03
1.572420595445299992e-03
1.571697090738504539e-03
1.570974312687592337e-03
1.570252260155348932e-03
1.569530932006976557e-03
1.568810327110092828e-03
1.568090444334726630e-03
1.567371282553320930e-03
1.566652840640719337e-03
1.565935117474135090e-03
1.565218111933182723e-03
1.564501822899867431e-03
1.563786249258546481e-03
1.563071389895949155e-03
1.562357243701176105e-03
1.561643809565664651e-03
1.560931086383207872e-03
1.560219073049943757e-03
1.559507768464342414e-03
1.558797171527204119e-03
1.558087281141631777e-03
1.557378096213078841e-03
1.556669615649286000e-03
1.555961838360304375e-03
1.555254763258463648e-03
1.554548389258432126e-03
1.553842715277100727e-03
1.553137740233698563e-03
1.552433463049686900e-03
1.551729882648818139e-03
1.551026997957083127e-03
1.550324807902753003e-03
1.549623311416323040e-03
1.548922507430563382e-03
1.548222394880441853e-03
1.547522972703189439e-03
1.546824239838245430e-03
1.546126195227265658e-03
1.545428837814140062e-03
1.544732166544949322e-03
1.544036180367980467e-03
1.543340878233709747e-03
1.542646259094811959e-03
1.541952321906139844e-03
1.541259065624729944e-03
1.540566489209796311e-03
1.539874591622707525e-03
1.539183371826994716e-03
1.538492828788359584e-03
1.537802961474623448e-03
1.537113768855797279e-03
1.536425249903984776e-03
1.535737403593450670e-03
1.535050228900582993e-03
1.534363724803877466e-03
1.533677890283958751e-03
1.532992724323566135e-03
1.532308225907532502e-03
1.531624394022792785e-03
1.530941227658380284e-03
1.530258725805421242e-03
1.529576887457102102e-03
1.528895711608720467e-03
1.528215197257625033e-03
1.527535343403229901e-03
1.526856149047016746e-03
1.526177613192526141e-03
1.525499734845340216e-03
1.524822513013102598e-03
1.524145946705474835e-03
1.523470034934174770e-03
1.522794776712925588e-03
1.522120171057502651e-03
1.521446216985679724e-03
1.520772913517250005e-03
1.520100259674015070e-03
1.519428254479774460e-03
1.518756896960341300e-03
1.518086186143508464e-03
1.517416121059058124e-03
1.516746700738756757e-03
1.516077924216346689e-03
1.515409790527538292e-03
1.514742298710021907e-03
1.514075447803437269e-03
1.513409236849379801e-03
1.512743664891418168e-03
1.512078730975039862e-03
1.511414434147691308e-03
1.510750773458746209e-03
1.510087747959517690e-03
1.509425356703248755e-03
1.508763598745084533e-03
1.508102473142117162e-03
1.507441978953325294e-03
1.506782115239604447e-03
1.506122881063753135e-03
1.505464275490471342e-03
1.504806297586334506e-03
1.504148946419832768e-03
1.503492221061308951e-03
1.502836120583008221e-03
1.502180644059040353e-03
1.501525790565369544e-03
1.500871559179846283e-03
1.500217948982168325e-03
1.499564959053893481e-03
1.498912588478413816e-03
1.498260836340989041e-03
1.497609701728696424e-03
1.496959183730470688e-03
1.496309281437048933e-03
1.495659993941017693e-03
1.495011320336779321e-03
1.494363259720548308e-03
1.493715811190353664e-03
1.493068973846031116e-03
1.492422746789222234e-03
1.491777129123356225e-03
1.491132119953675512e-03
1.490487718387192807e-03
1.489843923532711053e-03
1.489200734500822345e-03
1.488558150403875837e-03
1.487916170356012868e-03
1.487274793473124029e-03
1.486634018872878436e-03
1.485993845674686217e-03
1.485354272999717595e-03
1.484715299970891175e-03
1.484076925712881755e-03
1.483439149352079774e-03
1.482801970016635329e-03
1.482165386836410042e-03
1.481529398943006543e-03
1.480894005469745927e-03
1.480259205551669914e-03
1.479624998325524809e-03
1.478991382929773423e-03
1.478358358504585539e-03
1.477725924191832267e-03
1.477094079135072170e-03
1.476462822479565357e-03
1.475832153372260043e-03
1.475202070961786904e-03
1.474572574398448892e-03
1.473943662834244434e-03
1.473315335422819726e-03
1.472687591319501261e-03
1.472060429681275881e-03
1.471433849666798580e-03
1.470807850436356293e-03
1.470182431151920372e-03
1.469557590977070040e-03
1.468933329077055710e-03
1.468309644618752581e-03
1.467686536770686874e-03
1.467064004702982923e-03
1.466442047587428231e-03
1.465820664597408630e-03
1.465199854907936906e-03
1.464579617695635884e-03
1.463959952138740818e-03
1.463340857417103286e-03
1.462722332712143277e-03
1.462104377206920307e-03
1.461486990086072494e-03
1.460870170535818286e-03
1.460253917743969260e-03
1.459638230899920576e-03
1.459023109194657270e-03
1.458408551820723244e-03
1.457794557972228854e-03
1.457181126844868694e-03
1.456568257635884730e-03
1.455955949544091455e-03
1.455344201769850085e-03
1.454733013515083087e-03
1.454122383983242738e-03
1.453512312379337795e-03
1.452902797909926989e-03
1.452293839783082383e-03
1.451685437208420811e-03
1.451077589397095852e-03
1.450470295561765962e-03
1.449863554916634364e-03
1.449257366677392678e-03
1.448651730061286183e-03
1.448046644287036841e-03
1.447442108574879729e-03
1.446838122146566503e-03
1.446234684225335262e-03
1.445631794035921605e-03
1.445029450804556897e-03
1.444427653758952870e-03
1.443826402128325264e-03
1.443225695143342214e-03
1.442625532036173261e-03
1.442025912040449881e-03
1.441426834391271346e-03
1.440828298325215126e-03
1.440230303080313043e-03
1.439632847896065359e-03
1.439035932013403270e-03
1.438439554674747229e-03
1.437843715123946018e-03
1.437248412606282602e-03
1.436653646368507738e-03
1.436059415658798126e-03
1.435465719726756410e-03
1.434872557823433509e-03
1.434279929201302817e-03
1.433687833114244371e-03
1.433096268817593208e-03
1.432505235568066288e-03
1.431914732623832537e-03
1.431324759244436079e-03
1.430735314690851105e-03
1.430146398225446520e-03
1.429558009111993322e-03
1.428970146615661128e-03
1.428382810003011889e-03
1.427795998542005741e-03
1.427209711501971302e-03
1.426623948153647736e-03
1.426038707769131412e-03
1.425453989621906043e-03
1.424869792986830329e-03
1.424286117140130363e-03
1.423702961359406792e-03
1.423120324923615081e-03
1.422538207113067900e-03
1.421956607209455504e-03
1.421375524495798034e-03
1.420794958256489529e-03
1.420214907777256515e-03
1.419635372345179900e-03
1.419056351248663755e-03
1.418477843777477595e-03
1.417899849222706505e-03
1.417322366876777161e-03
1.416745396033436801e-03
1.416168935987763841e-03
1.415592986036154442e-03
1.415017545476340930e-03
1.414442613607341716e-03
1.413868189729513333e-03
1.413294273144519641e-03
1.412720863155313622e-03
1.412147959066174449e-03
1.411575560182666078e-03
1.411003665811660663e-03
1.410432275261308630e-03
1.409861387841073377e-03
1.409291002861699825e-03
1.408721119635204669e-03
1.408151737474898487e-03
1.407582855695373386e-03
1.407014473612497579e-03
1.406446590543399770e-03
1.405879205806493662e-03
1.405312318721451282e-03
1.404745928609221848e-03
1.404180034791990784e-03
1.403614636593229596e-03
1.403049733337650767e-03
1.402485324351215781e-03
1.401921408961146398e-03
1.401357986495902538e-03
1.400795056285195289e-03
1.400232617659968480e-03
1.399670669952406046e-03
1.399109212495928782e-03
1.398548244625195643e-03
1.397987765676077286e-03
1.397427774985692504e-03
1.396868271892354445e-03
1.396309255735633716e-03
1.395750725856291161e-03
1.395192681596299977e-03
1.394635122298878678e-03
1.394078047308415415e-03
